X Y  Z
-1.30000000000000E+0001  1.20000000000000E+0001  6.92991629919705E-0001
-1.30000000000000E+0001  1.10783762096846E+0001  7.97874707602454E-0001
-1.30000000000000E+0001  1.01106712298535E+0001  9.35998767271378E-0001
-1.30000000000000E+0001  9.09458100103088E+0000  1.03823205817921E+0000
-1.30000000000000E+0001  8.02768626076708E+0000  1.08959010078867E+0000
-1.30000000000000E+0001  6.90744678349009E+0000  1.11156999359800E+0000
-1.30000000000000E+0001  5.73119533234925E+0000  1.12666080512098E+0000
-1.30000000000000E+0001  4.49613130865137E+0000  1.14542185653181E+0000
-1.30000000000000E+0001  3.19931408376860E+0000  1.16880713672102E+0000
-1.30000000000000E+0001  1.83765599764168E+0000  1.19430286631245E+0000
-1.30000000000000E+0001  4.07915007208423E-0001  1.22127409834876E+0000
-1.30000000000000E+0001 -1.09331303274650E+0000  1.25268064627884E+0000
-1.30000000000000E+0001 -2.66960247469917E+0000  1.29332314197262E+0000
-1.30000000000000E+0001 -4.32470638874947E+0000  1.34628168460517E+0000
-1.30000000000000E+0001 -6.06256549850229E+0000  1.41040262501784E+0000
-1.30000000000000E+0001 -7.88731756374275E+0000  1.48154658778077E+0000
-1.30000000000000E+0001 -9.80330723224523E+0000  1.55590268907893E+0000
-1.30000000000000E+0001 -1.18150963841728E+0001  1.63139989855066E+0000
-1.30000000000000E+0001 -1.39274749936968E+0001  1.70627937575812E+0000
-1.30000000000000E+0001 -1.61454725336970E+0001  1.77623104898276E+0000
-1.30000000000000E+0001 -1.84743699506972E+0001  1.83254405890467E+0000
-1.30000000000000E+0001 -2.09197122385474E+0001  1.86439046614583E+0000
-1.00000000000000E+0001  1.20000000000000E+0001  7.04161276379724E-0001
-1.00000000000000E+0001  1.10783762096846E+0001  8.08303977049064E-0001
-1.00000000000000E+0001  1.01106712298535E+0001  9.44260171418542E-0001
-1.00000000000000E+0001  9.09458100103088E+0000  1.04315550361279E+0000
-1.00000000000000E+0001  8.02768626076708E+0000  1.09135296231545E+0000
-1.00000000000000E+0001  6.90744678349009E+0000  1.11135198765271E+0000
-1.00000000000000E+0001  5.73119533234925E+0000  1.12558269325333E+0000
-1.00000000000000E+0001  4.49613130865137E+0000  1.14412475443652E+0000
-1.00000000000000E+0001  3.19931408376860E+0000  1.16755472912778E+0000
-1.00000000000000E+0001  1.83765599764168E+0000  1.19318669918969E+0000
-1.00000000000000E+0001  4.07915007208423E-0001  1.22031337561505E+0000
-1.00000000000000E+0001 -1.09331303274650E+0000  1.25186438134836E+0000
-1.00000000000000E+0001 -2.66960247469917E+0000  1.29262964490372E+0000
-1.00000000000000E+0001 -4.32470638874947E+0000  1.34568724532302E+0000
-1.00000000000000E+0001 -6.06256549850229E+0000  1.40988613954363E+0000
-1.00000000000000E+0001 -7.88731756374275E+0000  1.48109109263617E+0000
-1.00000000000000E+0001 -9.80330723224523E+0000  1.55549448429597E+0000
-1.00000000000000E+0001 -1.18150963841728E+0001  1.63102706971359E+0000
-1.00000000000000E+0001 -1.39274749936968E+0001  1.70593101761615E+0000
-1.00000000000000E+0001 -1.61454725336970E+0001  1.77589746702579E+0000
-1.00000000000000E+0001 -1.84743699506972E+0001  1.83221768858598E+0000
-1.00000000000000E+0001 -2.09197122385474E+0001  1.86406661078025E+0000
-7.50000000000000E+0000  1.20000000000000E+0001  7.26463156468708E-0001
-7.50000000000000E+0000  1.10783762096846E+0001  8.28842922693273E-0001
-7.50000000000000E+0000  1.01106712298535E+0001  9.60246178410808E-0001
-7.50000000000000E+0000  9.09458100103088E+0000  1.05248832580054E+0000
-7.50000000000000E+0000  8.02768626076708E+0000  1.09453546490325E+0000
-7.50000000000000E+0000  6.90744678349009E+0000  1.11067228935079E+0000
-7.50000000000000E+0000  5.73119533234925E+0000  1.12324168681465E+0000
-7.50000000000000E+0000  4.49613130865137E+0000  1.14136412423562E+0000
-7.50000000000000E+0000  3.19931408376860E+0000  1.16490461745684E+0000
-7.50000000000000E+0000  1.83765599764168E+0000  1.19082954175395E+0000
-7.50000000000000E+0000  4.07915007208423E-0001  1.21828747437188E+0000
-7.50000000000000E+0000 -1.09331303274650E+0000  1.25014599133018E+0000
-7.50000000000000E+0000 -2.66960247469917E+0000  1.29117123658471E+0000
-7.50000000000000E+0000 -4.32470638874947E+0000  1.34443786415207E+0000
-7.50000000000000E+0000 -6.06256549850229E+0000  1.40880092209580E+0000
-7.50000000000000E+0000 -7.88731756374275E+0000  1.48013409283962E+0000
-7.50000000000000E+0000 -9.80330723224523E+0000  1.55463673585748E+0000
-7.50000000000000E+0000 -1.18150963841728E+0001  1.63024346439404E+0000
-7.50000000000000E+0000 -1.39274749936968E+0001  1.70519865979285E+0000
-7.50000000000000E+0000 -1.61454725336970E+0001  1.77519606246355E+0000
-7.50000000000000E+0000 -1.84743699506972E+0001  1.83153142915281E+0000
-7.50000000000000E+0000 -2.09197122385474E+0001  1.86338566277758E+0000
-5.00000000000000E+0000  1.20000000000000E+0001  7.51540339402989E-0001
-5.00000000000000E+0000  1.10783762096846E+0001  8.51631175231639E-0001
-5.00000000000000E+0000  1.01106712298535E+0001  9.77422759361497E-0001
-5.00000000000000E+0000  9.09458100103088E+0000  1.06176115071109E+0000
-5.00000000000000E+0000  8.02768626076708E+0000  1.09666322162124E+0000
-5.00000000000000E+0000  6.90744678349009E+0000  1.10845258299463E+0000
-5.00000000000000E+0000  5.73119533234925E+0000  1.11921490086824E+0000
-5.00000000000000E+0000  4.49613130865137E+0000  1.13696946415288E+0000
-5.00000000000000E+0000  3.19931408376860E+0000  1.16074991844029E+0000
-5.00000000000000E+0000  1.83765599764168E+0000  1.18714197910747E+0000
-5.00000000000000E+0000  4.07915007208423E-0001  1.21512023857668E+0000
-5.00000000000000E+0000 -1.09331303274650E+0000  1.24746296929489E+0000
-5.00000000000000E+0000 -2.66960247469917E+0000  1.28889738666303E+0000
-5.00000000000000E+0000 -4.32470638874947E+0000  1.34249163046116E+0000
-5.00000000000000E+0000 -6.06256549850229E+0000  1.40711107847436E+0000
-5.00000000000000E+0000 -7.88731756374275E+0000  1.47864394131488E+0000
-5.00000000000000E+0000 -9.80330723224523E+0000  1.55330079519058E+0000
-5.00000000000000E+0000 -1.18150963841728E+0001  1.62902248539173E+0000
-5.00000000000000E+0000 -1.39274749936968E+0001  1.70405700942793E+0000
-5.00000000000000E+0000 -1.61454725336970E+0001  1.77410226245097E+0000
-5.00000000000000E+0000 -1.84743699506972E+0001  1.83046103223647E+0000
-5.00000000000000E+0000 -2.09197122385474E+0001  1.86232347488953E+0000
-2.50000000000000E+0000  1.20000000000000E+0001  7.63486191132806E-0001
-2.50000000000000E+0000  1.10783762096846E+0001  8.62175930846415E-0001
-2.50000000000000E+0000  1.01106712298535E+0001  9.84251670949347E-0001
-2.50000000000000E+0000  9.09458100103088E+0000  1.06329559648456E+0000
-2.50000000000000E+0000  8.02768626076708E+0000  1.09366802566729E+0000
-2.50000000000000E+0000  6.90744678349009E+0000  1.10302050339925E+0000
-2.50000000000000E+0000  5.73119533234925E+0000  1.11305492205086E+0000
-2.50000000000000E+0000  4.49613130865137E+0000  1.13091663860965E+0000
-2.50000000000000E+0000  3.19931408376860E+0000  1.15516046732115E+0000
-2.50000000000000E+0000  1.83765599764168E+0000  1.18218316567351E+0000
-2.50000000000000E+0000  4.07915007208423E-0001  1.21085024527521E+0000
-2.50000000000000E+0000 -1.09331303274650E+0000  1.24384428622368E+0000
-2.50000000000000E+0000 -2.66960247469917E+0000  1.28583342848530E+0000
-2.50000000000000E+0000 -4.32470638874947E+0000  1.33987160051585E+0000
-2.50000000000000E+0000 -6.06256549850229E+0000  1.40483708295668E+0000
-2.50000000000000E+0000 -7.88731756374275E+0000  1.47663846092388E+0000
-2.50000000000000E+0000 -9.80330723224523E+0000  1.55150202900490E+0000
-2.50000000000000E+0000 -1.18150963841728E+0001  1.62737742039601E+0000
-2.50000000000000E+0000 -1.39274749936968E+0001  1.70251770558239E+0000
-2.50000000000000E+0000 -1.61454725336970E+0001  1.77262653736856E+0000
-2.50000000000000E+0000 -1.84743699506972E+0001  1.82901622838691E+0000
-2.50000000000000E+0000 -2.09197122385474E+0001  1.86088943842753E+0000
 0.00000000000000E+0000  1.20000000000000E+0001  7.55415616581617E-0001
 0.00000000000000E+0000  1.10783762096846E+0001  8.54252854923110E-0001
 0.00000000000000E+0000  1.01106712298535E+0001  9.75867792811813E-0001
 0.00000000000000E+0000  9.09458100103088E+0000  1.05401098406133E+0000
 0.00000000000000E+0000  8.02768626076708E+0000  1.08404440112915E+0000
 0.00000000000000E+0000  6.90744678349009E+0000  1.09388428691099E+0000
 0.00000000000000E+0000  5.73119533234925E+0000  1.10475151385326E+0000
 0.00000000000000E+0000  4.49613130865137E+0000  1.12337339089549E+0000
 0.00000000000000E+0000  3.19931408376860E+0000  1.14831078763665E+0000
 0.00000000000000E+0000  1.83765599764168E+0000  1.17608212178810E+0000
 0.00000000000000E+0000  4.07915007208423E-0001  1.20556211450781E+0000
 0.00000000000000E+0000 -1.09331303274650E+0000  1.23934823142745E+0000
 0.00000000000000E+0000 -2.66960247469917E+0000  1.28202613285756E+0000
 0.00000000000000E+0000 -4.32470638874947E+0000  1.33661823212318E+0000
 0.00000000000000E+0000 -6.06256549850229E+0000  1.40201422151751E+0000
 0.00000000000000E+0000 -7.88731756374275E+0000  1.47414808474701E+0000
 0.00000000000000E+0000 -9.80330723224523E+0000  1.54926660354756E+0000
 0.00000000000000E+0000 -1.18150963841728E+0001  1.62533087460367E+0000
 0.00000000000000E+0000 -1.39274749936968E+0001  1.70060063061592E+0000
 0.00000000000000E+0000 -1.61454725336970E+0001  1.77078683164377E+0000
 0.00000000000000E+0000 -1.84743699506972E+0001  1.82721379629682E+0000
 0.00000000000000E+0000 -2.09197122385474E+0001  1.85909978035774E+0000
 3.00000000000000E+0000  1.20000000000000E+0001  7.39237506212440E-0001
 3.00000000000000E+0000  1.10783762096846E+0001  8.38341578581291E-0001
 3.00000000000000E+0000  1.01106712298535E+0001  9.60387216632841E-0001
 3.00000000000000E+0000  9.09458100103088E+0000  1.03938616359575E+0000
 3.00000000000000E+0000  8.02768626076708E+0000  1.07083452656723E+0000
 3.00000000000000E+0000  6.90744678349009E+0000  1.08244589938675E+0000
 3.00000000000000E+0000  5.73119533234925E+0000  1.09482019531294E+0000
 3.00000000000000E+0000  4.49613130865137E+0000  1.11453619523205E+0000
 3.00000000000000E+0000  3.19931408376860E+0000  1.14030471036223E+0000
 3.00000000000000E+0000  1.83765599764168E+0000  1.16889640772808E+0000
 3.00000000000000E+0000  4.07915007208423E-0001  1.19927678300080E+0000
 3.00000000000000E+0000 -1.09331303274650E+0000  1.23397645007718E+0000
 3.00000000000000E+0000 -2.66960247469917E+0000  1.27747107164747E+0000
 3.00000000000000E+0000 -4.32470638874947E+0000  1.33272711533518E+0000
 3.00000000000000E+0000 -6.06256549850229E+0000  1.39863841309822E+0000
 3.00000000000000E+0000 -7.88731756374275E+0000  1.47116813458804E+0000
 3.00000000000000E+0000 -9.80330723224523E+0000  1.54658860241093E+0000
 3.00000000000000E+0000 -1.18150963841728E+0001  1.62287557778788E+0000
 3.00000000000000E+0000 -1.39274749936968E+0001  1.69829724007321E+0000
 3.00000000000000E+0000 -1.61454725336970E+0001  1.76857363920467E+0000
 3.00000000000000E+0000 -1.84743699506972E+0001  1.82504358126923E+0000
 3.00000000000000E+0000 -2.09197122385474E+0001  1.85694406147018E+0000
 4.50000000000000E+0000  1.19500000000000E+0001  7.30372048838211E-0001
 4.50000000000000E+0000  1.10297760150408E+0001  8.27676111732934E-0001
 4.50000000000000E+0000  1.00635408308337E+0001  9.47626910221098E-0001
 4.50000000000000E+0000  9.04899388741627E+0000  1.02556605216478E+0000
 4.50000000000000E+0000  7.98371959682793E+0000  1.05739298094251E+0000
 4.50000000000000E+0000  6.86518159171017E+0000  1.07008818833202E+0000
 4.50000000000000E+0000  5.69071668633653E+0000  1.08377995962705E+0000
 4.50000000000000E+0000  4.45752853569420E+0000  1.10459998859110E+0000
 4.50000000000000E+0000  3.16268097751976E+0000  1.13128581798539E+0000
 4.50000000000000E+0000  1.80309104143659E+0000  1.16075712059488E+0000
 4.50000000000000E+0000  3.75521608549272E-0001  1.19210367803096E+0000
 4.50000000000000E+0000 -1.12342629598242E+0000  1.22781118847087E+0000
 4.50000000000000E+0000 -2.69732159574069E+0000  1.27223235218530E+0000
 4.50000000000000E+0000 -4.34991166048688E+0000  1.32825078065223E+0000
 4.50000000000000E+0000 -6.08513122847038E+0000  1.39475386853842E+0000
 4.50000000000000E+0000 -7.90711177485305E+0000  1.46773590916618E+0000
 4.50000000000000E+0000 -9.82019134855486E+0000  1.54349943993927E+0000
 4.50000000000000E+0000 -1.18289249009417E+0001  1.62003815323133E+0000
 4.50000000000000E+0000 -1.39380951309480E+0001  1.69563064273767E+0000
 4.50000000000000E+0000 -1.61527238724546E+0001  1.76600775437391E+0000
 4.50000000000000E+0000 -1.84780840510364E+0001  1.82252516107800E+0000
 4.50000000000000E+0000 -2.09197122385474E+0001  1.85444136617273E+0000
 6.00000000000000E+0000  1.19000000000000E+0001  7.28535552824149E-0001
 6.00000000000000E+0000  1.09811758203970E+0001  8.21241495393646E-0001
 6.00000000000000E+0000  1.00164104318139E+0001  9.35814327668736E-0001
 6.00000000000000E+0000  9.00340677380166E+0000  1.01097620558391E+0000
 6.00000000000000E+0000  7.93975293288878E+0000  1.04260868588441E+0000
 6.00000000000000E+0000  6.82291639993026E+0000  1.05655239257564E+0000
 6.00000000000000E+0000  5.65023804032381E+0000  1.07173614374978E+0000
 6.00000000000000E+0000  4.41892576273704E+0000  1.09393000352630E+0000
 6.00000000000000E+0000  3.12604787127093E+0000  1.12169738066740E+0000
 6.00000000000000E+0000  1.76852608523151E+0000  1.15212006669264E+0000
 6.00000000000000E+0000  3.43128209890121E-0001  1.18445348243073E+0000
 6.00000000000000E+0000 -1.15353955921834E+0000  1.22120013878200E+0000
 6.00000000000000E+0000 -2.72504071678222E+0000  1.26659693153410E+0000
 6.00000000000000E+0000 -4.37511693222429E+0000  1.32342865390438E+0000
 6.00000000000000E+0000 -6.10769695843847E+0000  1.39056426129706E+0000
 6.00000000000000E+0000 -7.92690598596336E+0000  1.46402779305423E+0000
 6.00000000000000E+0000 -9.83707546486449E+0000  1.54015466757370E+0000
 6.00000000000000E+0000 -1.18427534177106E+0001  1.61695861473583E+0000
 6.00000000000000E+0000 -1.39487152681991E+0001  1.69272991581018E+0000
 6.00000000000000E+0000 -1.61599752112121E+0001  1.76321134125881E+0000
 6.00000000000000E+0000 -1.84817981513757E+0001  1.81977693134347E+0000
 6.00000000000000E+0000 -2.09197122385474E+0001  1.85170855860507E+0000
 9.00000000000000E+0000  1.18000000000000E+0001  7.22391280122233E-0001
 9.00000000000000E+0000  1.08839754311094E+0001  8.08529140118092E-0001
 9.00000000000000E+0000  9.92214963377431E+0000  9.16390425706257E-0001
 9.00000000000000E+0000  8.91223254657244E+0000  9.89505115589677E-0001
 9.00000000000000E+0000  7.85181960501048E+0000  1.02327244401933E+0000
 9.00000000000000E+0000  6.73838601637043E+0000  1.04049106889477E+0000
 9.00000000000000E+0000  5.56928074829836E+0000  1.05854879096057E+0000
 9.00000000000000E+0000  4.34172021682270E+0000  1.08279001148646E+0000
 9.00000000000000E+0000  3.05278165877325E+0000  1.11195823604050E+0000
 9.00000000000000E+0000  1.69939617282134E+0000  1.14341893334572E+0000
 9.00000000000000E+0000  2.78341412571820E-0001  1.17672227318330E+0000
 9.00000000000000E+0000 -1.21376608569017E+0000  1.21447347529183E+0000
 9.00000000000000E+0000 -2.78047895886526E+0000  1.26083221379117E+0000
 9.00000000000000E+0000 -4.42552747569911E+0000  1.31847902774026E+0000
 9.00000000000000E+0000 -6.15282841837465E+0000  1.38625141215195E+0000
 9.00000000000000E+0000 -7.96649440818396E+0000  1.46019878304894E+0000
 9.00000000000000E+0000 -9.87084369748374E+0000  1.53668911636927E+0000
 9.00000000000000E+0000 -1.18704104512485E+0001  1.61375684157310E+0000
 9.00000000000000E+0000 -1.39699555427015E+0001  1.68970438273379E+0000
 9.00000000000000E+0000 -1.61744778887272E+0001  1.76028689564967E+0000
 9.00000000000000E+0000 -1.84892263520541E+0001  1.81689757823554E+0000
 9.00000000000000E+0000 -2.09197122385474E+0001  1.84884269849470E+0000
 1.20000000000000E+0001  1.17000000000000E+0001  7.07878738381033E-0001
 1.20000000000000E+0001  1.07867750418218E+0001  7.86755854163125E-0001
 1.20000000000000E+0001  9.82788883573469E+0000  8.87930764909384E-0001
 1.20000000000000E+0001  8.82105831934322E+0000  9.60755210877775E-0001
 1.20000000000000E+0001  7.76388627713218E+0000  9.99165495029125E-0001
 1.20000000000000E+0001  6.65385563281059E+0000  1.02189498572892E+0000
 1.20000000000000E+0001  5.48832345627292E+0000  1.04414918919525E+0000
 1.20000000000000E+0001  4.26451467090836E+0000  1.07113799998288E+0000
 1.20000000000000E+0001  2.97951544627558E+0000  1.10202933225626E+0000
 1.20000000000000E+0001  1.63026626041116E+0000  1.13463822627618E+0000
 1.20000000000000E+0001  2.13554615253518E-0001  1.16890202265495E+0000
 1.20000000000000E+0001 -1.27399261216201E+0000  1.20761907295190E+0000
 1.20000000000000E+0001 -2.83591720094831E+0000  1.25491850330892E+0000
 1.20000000000000E+0001 -4.47593801917393E+0000  1.31337590295157E+0000
 1.20000000000000E+0001 -6.19795987831083E+0000  1.38178604796397E+0000
 1.20000000000000E+0001 -8.00608283040457E+0000  1.45621678116290E+0000
 1.20000000000000E+0001 -9.90461193010300E+0000  1.53306833122425E+0000
 1.20000000000000E+0001 -1.18980674847863E+0001  1.61039630923521E+0000
 1.20000000000000E+0001 -1.39911958172038E+0001  1.68651574990816E+0000
 1.20000000000000E+0001 -1.61889805662423E+0001  1.75719474918495E+0000
 1.20000000000000E+0001 -1.84966545527326E+0001  1.81384652052129E+0000
 1.20000000000000E+0001 -2.09197122385474E+0001  1.84580277240431E+0000
 1.35000000000000E+0001  1.16000000000000E+0001  6.92015192255835E-0001
 1.35000000000000E+0001  1.06895746525341E+0001  7.64143291054442E-0001
 1.35000000000000E+0001  9.73362803769507E+0000  8.59109036294895E-0001
 1.35000000000000E+0001  8.72988409211400E+0000  9.31702861315048E-0001
 1.35000000000000E+0001  7.67595294925388E+0000  9.74595559724639E-0001
 1.35000000000000E+0001  6.56932524925076E+0000  1.00273775585331E+0000
 1.35000000000000E+0001  5.40736616424747E+0000  1.02921582900551E+0000
 1.35000000000000E+0001  4.18730912499403E+0000  1.05909948865101E+0000
 1.35000000000000E+0001  2.90624923377791E+0000  1.09185953143766E+0000
 1.35000000000000E+0001  1.56113634800099E+0000  1.12570185894803E+0000
 1.35000000000000E+0001  1.48767817935216E-0001  1.16093962306396E+0000
 1.35000000000000E+0001 -1.33421913863384E+0000  1.20060773233361E+0000
 1.35000000000000E+0001 -2.89135544303135E+0000  1.24883710221724E+0000
 1.35000000000000E+0001 -4.52634856264874E+0000  1.30810462745036E+0000
 1.35000000000000E+0001 -6.24309133824700E+0000  1.37715220990469E+0000
 1.35000000000000E+0001 -8.04567125262517E+0000  1.45206367500394E+0000
 1.35000000000000E+0001 -9.93838016272225E+0000  1.52927161185276E+0000
 1.35000000000000E+0001 -1.19257245183241E+0001  1.60685406106166E+0000
 1.35000000000000E+0001 -1.40124360917062E+0001  1.68313932085699E+0000
 1.35000000000000E+0001 -1.62034832437573E+0001  1.75390900170798E+0000
 1.35000000000000E+0001 -1.85040827534110E+0001  1.81059716967793E+0000
 1.35000000000000E+0001 -2.09197122385474E+0001  1.84256190451132E+0000
 1.50000000000000E+0001  1.15000000000000E+0001  6.82232548779144E-0001
 1.50000000000000E+0001  1.05923742632465E+0001  7.49600131363027E-0001
 1.50000000000000E+0001  9.63936723965545E+0000  8.39526372485828E-0001
 1.50000000000000E+0001  8.63870986488478E+0000  9.10405952385092E-0001
 1.50000000000000E+0001  7.58801962137558E+0000  9.54885184860461E-0001
 1.50000000000000E+0001  6.48479486569093E+0000  9.85868206320194E-0001
 1.50000000000000E+0001  5.32640887222203E+0000  1.01520501594270E+0000
 1.50000000000000E+0001  4.11010357907969E+0000  1.04742104394761E+0000
 1.50000000000000E+0001  2.83298302128024E+0000  1.08191523166800E+0000
 1.50000000000000E+0001  1.49200643559081E+0000  1.11697750552397E+0000
 1.50000000000000E+0001  8.39810206169158E-0002  1.15318314494400E+0000
 1.50000000000000E+0001 -1.39444566510568E+0000  1.19377277332212E+0000
 1.50000000000000E+0001 -2.94679368511440E+0000  1.24289156328695E+0000
 1.50000000000000E+0001 -4.57675910612356E+0000  1.30292645625809E+0000
 1.50000000000000E+0001 -6.28822279818318E+0000  1.37257436622804E+0000
 1.50000000000000E+0001 -8.08525967484578E+0000  1.44793426712849E+0000
 1.50000000000000E+0001 -9.97214839534151E+0000  1.52547174373399E+0000
 1.50000000000000E+0001 -1.19533815518620E+0001  1.60328698976301E+0000
 1.50000000000000E+0001 -1.40336763662085E+0001  1.67972121559136E+0000
 1.50000000000000E+0001 -1.62179859212724E+0001  1.75056920249310E+0000
 1.50000000000000E+0001 -1.85115109540895E+0001  1.80728566227144E+0000
 1.50000000000000E+0001 -2.09197122385474E+0001  1.83925489585274E+0000
 1.80000000000000E+0001  1.12000000000000E+0001  6.79291797544367E-0001
 1.80000000000000E+0001  1.03007730953837E+0001  7.44950999289367E-0001
 1.80000000000000E+0001  9.35658484553659E+0000  8.31909585131918E-0001
 1.80000000000000E+0001  8.36518718319713E+0000  8.99745148278171E-0001
 1.80000000000000E+0001  7.32421963774069E+0000  9.42230449920448E-0001
 1.80000000000000E+0001  6.23120371501142E+0000  9.72888635698744E-0001
 1.80000000000000E+0001  5.08353699614570E+0000  1.00315480240840E+0000
 1.80000000000000E+0001  3.87848694133669E+0000  1.03683270451391E+0000
 1.80000000000000E+0001  2.61318438378723E+0000  1.07270910836869E+0000
 1.80000000000000E+0001  1.28461669836029E+0000  1.10888589827449E+0000
 1.80000000000000E+0001 -1.10379371337989E-0001  1.14602627417868E+0000
 1.80000000000000E+0001 -1.57512524452119E+0000  1.18748622670319E+0000
 1.80000000000000E+0001 -3.11310841136354E+0000  1.23740654971111E+0000
 1.80000000000000E+0001 -4.72799073654802E+0000  1.29811406112686E+0000
 1.80000000000000E+0001 -6.42361717799172E+0000  1.36827818472622E+0000
 1.80000000000000E+0001 -8.20402494150760E+0000  1.44402049984650E+0000
 1.80000000000000E+0001 -1.00734530931992E+0001  1.52183657724646E+0000
 1.80000000000000E+0001 -1.20363526524755E+0001  1.59984597372356E+0000
 1.80000000000000E+0001 -1.40973971897156E+0001  1.67640084642733E+0000
 1.80000000000000E+0001 -1.62614939538177E+0001  1.74730769890057E+0000
 1.80000000000000E+0001 -1.85337955561249E+0001  1.80404059629375E+0000
 1.80000000000000E+0001 -2.09197122385474E+0001  1.83600883247485E+0000
 2.10000000000000E+0001  1.10000000000000E+0001  6.78992715733899E-0001
 2.10000000000000E+0001  1.01063723168084E+0001  7.45347417983254E-0001
 2.10000000000000E+0001  9.16806324945735E+0000  8.31311972893844E-0001
 2.10000000000000E+0001  8.18283872873869E+0000  8.95617327808037E-0001
 2.10000000000000E+0001  7.14835298198409E+0000  9.34165445129685E-0001
 2.10000000000000E+0001  6.06214294789176E+0000  9.62637915728312E-0001
 2.10000000000000E+0001  4.92162241209481E+0000  9.92709778998922E-0001
 2.10000000000000E+0001  3.72407584950802E+0000  1.02725389527589E+0000
 2.10000000000000E+0001  2.46665195879189E+0000  1.06421650595328E+0000
 2.10000000000000E+0001  1.14635687353995E+0000  1.10140254195186E+0000
 2.10000000000000E+0001 -2.39952965974593E-0001  1.13945445984164E+0000
 2.10000000000000E+0001 -1.69557829746486E+0000  1.18174384336546E+0000
 2.10000000000000E+0001 -3.22398489552963E+0000  1.23238161570733E+0000
 2.10000000000000E+0001 -4.82881182349765E+0000  1.29365582845396E+0000
 2.10000000000000E+0001 -6.51388009786407E+0000  1.36424251728371E+0000
 2.10000000000000E+0001 -8.28320178594881E+0000  1.44029262091343E+0000
 2.10000000000000E+0001 -1.01409895584377E+0001  1.51833035960745E+0000
 2.10000000000000E+0001 -1.20916667195512E+0001  1.59649087103161E+0000
 2.10000000000000E+0001 -1.41398777387203E+0001  1.67313481007704E+0000
 2.10000000000000E+0001 -1.62904993088479E+0001  1.74407876618994E+0000
 2.10000000000000E+0001 -1.85486519574818E+0001  1.80081478111743E+0000
 2.10000000000000E+0001 -2.09197122385474E+0001  1.83277582197609E+0000
 2.25000000000000E+0001  1.09000000000000E+0001  6.76610414630459E-0001
 2.25000000000000E+0001  1.00091719275208E+0001  7.43888189587977E-0001
 2.25000000000000E+0001  9.07380245141774E+0000  8.29113378420815E-0001
 2.25000000000000E+0001  8.09166450150947E+0000  8.90293992874643E-0001
 2.25000000000000E+0001  7.06041965410579E+0000  9.25528211084128E-0001
 2.25000000000000E+0001  5.97761256433193E+0000  9.52446514209540E-0001
 2.25000000000000E+0001  4.84066512006937E+0000  9.82776260551804E-0001
 2.25000000000000E+0001  3.64687030359368E+0000  1.01828932897073E+0000
 2.25000000000000E+0001  2.39338574629421E+0000  1.05628907925869E+0000
 2.25000000000000E+0001  1.07722696112977E+0000  1.09441936181632E+0000
 2.25000000000000E+0001 -3.04739763292893E-0001  1.13335690959375E+0000
 2.25000000000000E+0001 -1.75580482393669E+0000  1.17644542351900E+0000
 2.25000000000000E+0001 -3.27942313761268E+0000  1.22773089827633E+0000
 2.25000000000000E+0001 -4.87922236697247E+0000  1.28948384141024E+0000
 2.25000000000000E+0001 -6.55901155780025E+0000  1.36040666265469E+0000
 2.25000000000000E+0001 -8.32279020816942E+0000  1.43669340443426E+0000
 2.25000000000000E+0001 -1.01747577910570E+0001  1.51489654400301E+0000
 2.25000000000000E+0001 -1.21193237530890E+0001  1.59316509689231E+0000
 2.25000000000000E+0001 -1.41611180132226E+0001  1.66986632728907E+0000
 2.25000000000000E+0001 -1.63050019863629E+0001  1.74082538285328E+0000
 2.25000000000000E+0001 -1.85560801581602E+0001  1.79755095194132E+0000
 2.25000000000000E+0001 -2.09197122385474E+0001  1.82949846495667E+0000
 2.40000000000000E+0001  1.08000000000000E+0001  6.67801076594076E-0001
 2.40000000000000E+0001  9.91197153823323E+0000  7.34191549326857E-0001
 2.40000000000000E+0001  8.97954165337812E+0000  8.17584670480747E-0001
 2.40000000000000E+0001  8.00049027428025E+0000  8.77026692802959E-0001
 2.40000000000000E+0001  6.97248632622749E+0000  9.12019920329248E-0001
 2.40000000000000E+0001  5.89308218077209E+0000  9.40412630910440E-0001
 2.40000000000000E+0001  4.75970782804392E+0000  9.72773259975716E-0001
 2.40000000000000E+0001  3.56966475767935E+0000  1.01002375708619E+0000
 2.40000000000000E+0001  2.32011953379654E+0000  1.04921251568700E+0000
 2.40000000000000E+0001  1.00809704871960E+0000  1.08824478983897E+0000
 2.40000000000000E+0001 -3.69526560611195E-0001  1.12799110886685E+0000
 2.40000000000000E+0001 -1.81603135040853E+0000  1.17179116528230E+0000
 2.40000000000000E+0001 -3.33486137969573E+0000  1.22362307987177E+0000
 2.40000000000000E+0001 -4.92963291044729E+0000  1.28574513854716E+0000
 2.40000000000000E+0001 -6.60414301773643E+0000  1.35690587713264E+0000
 2.40000000000000E+0001 -8.36237863039002E+0000  1.43334715001452E+0000
 2.40000000000000E+0001 -1.02085260236763E+0001  1.51165160712446E+0000
 2.40000000000000E+0001 -1.21469807866268E+0001  1.58998003799149E+0000
 2.40000000000000E+0001 -1.41823582877250E+0001  1.66670402000021E+0000
 2.40000000000000E+0001 -1.63195046638780E+0001  1.73765506737799E+0000
 2.40000000000000E+0001 -1.85635083588387E+0001  1.79435654740196E+0000
 2.40000000000000E+0001 -2.09197122385474E+0001  1.82628436726061E+0000
 2.70000000000000E+0001  1.07000000000000E+0001  6.50060811522537E-0001
 2.70000000000000E+0001  9.81477114894561E+0000  7.13692540551283E-0001
 2.70000000000000E+0001  8.88528085533850E+0000  7.94462250837988E-0001
 2.70000000000000E+0001  7.90931604705103E+0000  8.54400482621425E-0001
 2.70000000000000E+0001  6.88455299834919E+0000  8.93242792564796E-0001
 2.70000000000000E+0001  5.80855179721226E+0000  9.26611928486279E-0001
 2.70000000000000E+0001  4.67875053601848E+0000  9.63073257974709E-0001
 2.70000000000000E+0001  3.49245921176501E+0000  1.00286414545193E+0000
 2.70000000000000E+0001  2.24685332129887E+0000  1.04346488100043E+0000
 2.70000000000000E+0001  9.38967136309422E-0001  1.08337137721689E+0000
 2.70000000000000E+0001 -4.34313357929499E-0001  1.12379829141647E+0000
 2.70000000000000E+0001 -1.87625787688037E+0000  1.16813348326799E+0000
 2.70000000000000E+0001 -3.39029962177877E+0000  1.22032251560799E+0000
 2.70000000000000E+0001 -4.98004345392211E+0000  1.28264663749841E+0000
 2.70000000000000E+0001 -6.64927447767261E+0000  1.35391164819819E+0000
 2.70000000000000E+0001 -8.40196705261063E+0000  1.43040709781845E+0000
 2.70000000000000E+0001 -1.02422942562955E+0001  1.50873858772046E+0000
 2.70000000000000E+0001 -1.21746378201647E+0001  1.58707332396455E+0000
 2.70000000000000E+0001 -1.42035985622273E+0001  1.66378296488356E+0000
 2.70000000000000E+0001 -1.63340073413931E+0001  1.73470225177206E+0000
 2.70000000000000E+0001 -1.85709365595172E+0001  1.79136625080260E+0000
 2.70000000000000E+0001 -2.09197122385474E+0001  1.82326865766735E+0000
 3.00000000000000E+0001  1.06000000000000E+0001  6.29024574852610E-0001
 3.00000000000000E+0001  9.71757075965799E+0000  6.89296631821749E-0001
 3.00000000000000E+0001  8.79102005729888E+0000  7.67543756883703E-0001
 3.00000000000000E+0001  7.81814181982181E+0000  8.29334888648460E-0001
 3.00000000000000E+0001  6.79661967047089E+0000  8.73877074197921E-0001
 3.00000000000000E+0001  5.72402141365242E+0000  9.13550036301806E-0001
 3.00000000000000E+0001  4.59779324399303E+0000  9.54668139214935E-0001
 3.00000000000000E+0001  3.41525366585068E+0000  9.97185719506844E-0001
 3.00000000000000E+0001  2.17358710880120E+0000  1.03926286114122E+0000
 3.00000000000000E+0001  8.69837223899250E-0001  1.08003636723566E+0000
 3.00000000000000E+0001 -4.99100155247799E-0001  1.12101233657557E+0000
 3.00000000000000E+0001 -1.93648440335220E+0000  1.16564161720425E+0000
 3.00000000000000E+0001 -3.44573786386182E+0000  1.21791884480737E+0000
 3.00000000000000E+0001 -5.03045399739693E+0000  1.28021943713951E+0000
 3.00000000000000E+0001 -6.69440593760878E+0000  1.35142644096873E+0000
 3.00000000000000E+0001 -8.44155547483123E+0000  1.42786454879752E+0000
 3.00000000000000E+0001 -1.02760624889148E+0001  1.50614570520097E+0000
 3.00000000000000E+0001 -1.22022948537025E+0001  1.58443250426006E+0000
 3.00000000000000E+0001 -1.42248388367297E+0001  1.66109076764010E+0000
 3.00000000000000E+0001 -1.63485100189082E+0001  1.73195465217226E+0000
 3.00000000000000E+0001 -1.85783647601956E+0001  1.78856797949598E+0000
 3.00000000000000E+0001 -2.09197122385474E+0001  1.82043930031994E+0000
 3.30000000000000E+0001  1.05000000000000E+0001  6.16651484780509E-0001
 3.30000000000000E+0001  9.62037037037037E+0000  6.74039726575283E-0001
 3.30000000000000E+0001  8.69675925925926E+0000  7.49743140769212E-0001
 3.30000000000000E+0001  7.72696759259259E+0000  8.12288644396988E-0001
 3.30000000000000E+0001  6.70868634259259E+0000  8.60405913218150E-0001
 3.30000000000000E+0001  5.63949103009259E+0000  9.04324886115610E-0001
 3.30000000000000E+0001  4.51683595196759E+0000  9.48627319004517E-0001
 3.30000000000000E+0001  3.33804811993634E+0000  9.93206568467143E-0001
 3.30000000000000E+0001  2.10032089630353E+0000  1.03659812696178E+0000
 3.30000000000000E+0001  8.00707311489075E-0001  1.07821819700287E+0000
 3.30000000000000E+0001 -5.63886952566101E-0001  1.11961100626508E+0000
 3.30000000000000E+0001 -1.99671092982404E+0000  1.16426419727030E+0000
 3.30000000000000E+0001 -3.50117610594487E+0000  1.21632949491505E+0000
 3.30000000000000E+0001 -5.08086454087174E+0000  1.27836123514903E+0000
 3.30000000000000E+0001 -6.73953739754496E+0000  1.34934253640629E+0000
 3.30000000000000E+0001 -8.48114389705184E+0000  1.42561287993614E+0000
 3.30000000000000E+0001 -1.03098307215340E+0001  1.50376919017454E+0000
 3.30000000000000E+0001 -1.22299518872404E+0001  1.58195623690883E+0000
 3.30000000000000E+0001 -1.42460791112320E+0001  1.65852737858949E+0000
 3.30000000000000E+0001 -1.63630126964233E+0001  1.72931262446163E+0000
 3.30000000000000E+0001 -1.85857929608741E+0001  1.78586178855274E+0000
 3.30000000000000E+0001 -2.09197122385474E+0001  1.81769607667543E+0000
 3.45000000000000E+0001  1.05000000000000E+0001  6.17667859261524E-0001
 3.45000000000000E+0001  9.62037037037037E+0000  6.72751739524273E-0001
 3.45000000000000E+0001  8.69675925925926E+0000  7.45604865888924E-0001
 3.45000000000000E+0001  7.72696759259259E+0000  8.06476892127088E-0001
 3.45000000000000E+0001  6.70868634259259E+0000  8.54780957027677E-0001
 3.45000000000000E+0001  5.63949103009259E+0000  8.99698043065868E-0001
 3.45000000000000E+0001  4.51683595196759E+0000  9.45259408436412E-0001
 3.45000000000000E+0001  3.33804811993634E+0000  9.90994346087830E-0001
 3.45000000000000E+0001  2.10032089630353E+0000  1.03544998076481E+0000
 3.45000000000000E+0001  8.00707311489075E-0001  1.07781312405208E+0000
 3.45000000000000E+0001 -5.63886952566101E-0001  1.11942893670176E+0000
 3.45000000000000E+0001 -1.99671092982404E+0000  1.16382497197212E+0000
 3.45000000000000E+0001 -3.50117610594487E+0000  1.21540295002755E+0000
 3.45000000000000E+0001 -5.08086454087174E+0000  1.27696208268586E+0000
 3.45000000000000E+0001 -6.73953739754496E+0000  1.34757985948711E+0000
 3.45000000000000E+0001 -8.48114389705184E+0000  1.42359151400682E+0000
 3.45000000000000E+0001 -1.03098307215340E+0001  1.50156018290351E+0000
 3.45000000000000E+0001 -1.22299518872404E+0001  1.57960321442491E+0000
 3.45000000000000E+0001 -1.42460791112320E+0001  1.65605644744979E+0000
 3.45000000000000E+0001 -1.63630126964233E+0001  1.72674277300217E+0000
 3.45000000000000E+0001 -1.85857929608741E+0001  1.78321593573434E+0000
 3.45000000000000E+0001 -2.09197122385474E+0001  1.81500787671499E+0000
 3.60000000000000E+0001  1.05000000000000E+0001  6.22334039336793E-0001
 3.60000000000000E+0001  9.62037037037037E+0000  6.75602680255962E-0001
 3.60000000000000E+0001  8.69675925925926E+0000  7.45812236618657E-0001
 3.60000000000000E+0001  7.72696759259259E+0000  8.04791050930377E-0001
 3.60000000000000E+0001  6.70868634259259E+0000  8.52372722150966E-0001
 3.60000000000000E+0001  5.63949103009259E+0000  8.97647559077350E-0001
 3.60000000000000E+0001  4.51683595196759E+0000  9.43864219306479E-0001
 3.60000000000000E+0001  3.33804811993634E+0000  9.90491201258610E-0001
 3.60000000000000E+0001  2.10032089630353E+0000  1.03581554261162E+0000
 3.60000000000000E+0001  8.00707311489075E-0001  1.07869481258992E+0000
 3.60000000000000E+0001 -5.63886952566101E-0001  1.12023329520152E+0000
 3.60000000000000E+0001 -1.99671092982404E+0000  1.16408251244981E+0000
 3.60000000000000E+0001 -3.50117610594487E+0000  1.21497415426353E+0000
 3.60000000000000E+0001 -5.08086454087174E+0000  1.27593871164609E+0000
 3.60000000000000E+0001 -6.73953739754496E+0000  1.34611928121575E+0000
 3.60000000000000E+0001 -8.48114389705184E+0000  1.42182016102770E+0000
 3.60000000000000E+0001 -1.03098307215340E+0001  1.49956302204236E+0000
 3.60000000000000E+0001 -1.22299518872404E+0001  1.57743419549016E+0000
 3.60000000000000E+0001 -1.42460791112320E+0001  1.65375016555293E+0000
 3.60000000000000E+0001 -1.63630126964233E+0001  1.72432528182547E+0000
 3.60000000000000E+0001 -1.85857929608741E+0001  1.78071572933727E+0000
 3.60000000000000E+0001 -2.09197122385474E+0001  1.81246255721032E+0000
 3.90000000000000E+0001  1.05000000000000E+0001  6.18975837635820E-0001
 3.90000000000000E+0001  9.62037037037037E+0000  6.71230161308404E-0001
 3.90000000000000E+0001  8.69675925925926E+0000  7.40574140659019E-0001
 3.90000000000000E+0001  7.72696759259259E+0000  7.99846156458782E-0001
 3.90000000000000E+0001  6.70868634259259E+0000  8.49084054843969E-0001
 3.90000000000000E+0001  5.63949103009259E+0000  8.96209604775579E-0001
 3.90000000000000E+0001  4.51683595196759E+0000  9.43926106189889E-0001
 3.90000000000000E+0001  3.33804811993634E+0000  9.91593634433098E-0001
 3.90000000000000E+0001  2.10032089630353E+0000  1.03762530268527E+0000
 3.90000000000000E+0001  8.00707311489075E-0001  1.08066566641930E+0000
 3.90000000000000E+0001 -5.63886952566101E-0001  1.12174403376150E+0000
 3.90000000000000E+0001 -1.99671092982404E+0000  1.16478507565265E+0000
 3.90000000000000E+0001 -3.50117610594487E+0000  1.21486905810897E+0000
 3.90000000000000E+0001 -5.08086454087174E+0000  1.27520333338946E+0000
 3.90000000000000E+0001 -6.73953739754496E+0000  1.34493179107712E+0000
 3.90000000000000E+0001 -8.48114389705184E+0000  1.42030969330269E+0000
 3.90000000000000E+0001 -1.03098307215340E+0001  1.49781458433743E+0000
 3.90000000000000E+0001 -1.22299518872404E+0001  1.57550385865528E+0000
 3.90000000000000E+0001 -1.42460791112320E+0001  1.65167563078723E+0000
 3.90000000000000E+0001 -1.63630126964233E+0001  1.72213585914381E+0000
 3.90000000000000E+0001 -1.85857929608741E+0001  1.77844236291919E+0000
 3.90000000000000E+0001 -2.09197122385474E+0001  1.81014402184310E+0000
 4.20000000000000E+0001  1.06000000000000E+0001  6.12265983198896E-0001
 4.20000000000000E+0001  9.71757075965799E+0000  6.65106937498584E-0001
 4.20000000000000E+0001  8.79102005729888E+0000  7.35710308588240E-0001
 4.20000000000000E+0001  7.81814181982181E+0000  7.96982666742304E-0001
 4.20000000000000E+0001  6.79661967047089E+0000  8.48441104830103E-0001
 4.20000000000000E+0001  5.72402141365242E+0000  8.97377313911850E-0001
 4.20000000000000E+0001  4.59779324399303E+0000  9.46176030529187E-0001
 4.20000000000000E+0001  3.41525366585068E+0000  9.94450059153958E-0001
 4.20000000000000E+0001  2.17358710880120E+0000  1.04070492439551E+0000
 4.20000000000000E+0001  8.69837223899250E-0001  1.08341735908783E+0000
 4.20000000000000E+0001 -4.99100155247799E-0001  1.12365007135255E+0000
 4.20000000000000E+0001 -1.93648440335220E+0000  1.16568066192340E+0000
 4.20000000000000E+0001 -3.44573786386182E+0000  1.21491228829626E+0000
 4.20000000000000E+0001 -5.03045399739693E+0000  1.27463077969725E+0000
 4.20000000000000E+0001 -6.69440593760878E+0000  1.34392671477436E+0000
 4.20000000000000E+0001 -8.44155547483123E+0000  1.41899092942872E+0000
 4.20000000000000E+0001 -1.02760624889148E+0001  1.49626053105420E+0000
 4.20000000000000E+0001 -1.22022948537025E+0001  1.57376771693392E+0000
 4.20000000000000E+0001 -1.42248388367297E+0001  1.64979469429052E+0000
 4.20000000000000E+0001 -1.63485100189082E+0001  1.72014011610361E+0000
 4.20000000000000E+0001 -1.85783647601956E+0001  1.77636353349273E+0000
 4.20000000000000E+0001 -2.09197122385474E+0001  1.80802079228861E+0000
 4.50000000000000E+0001  1.06000000000000E+0001  6.19956551759347E-0001
 4.50000000000000E+0001  9.71757075965799E+0000  6.75142317531664E-0001
 4.50000000000000E+0001  8.79102005729888E+0000  7.47991138674858E-0001
 4.50000000000000E+0001  7.81814181982181E+0000  8.09305201167474E-0001
 4.50000000000000E+0001  6.79661967047089E+0000  8.58701031365441E-0001
 4.50000000000000E+0001  5.72402141365242E+0000  9.05101701458584E-0001
 4.50000000000000E+0001  4.59779324399303E+0000  9.51966782413707E-0001
 4.50000000000000E+0001  3.41525366585068E+0000  9.99190246197134E-0001
 4.50000000000000E+0001  2.17358710880120E+0000  1.04473790849731E+0000
 4.50000000000000E+0001  8.69837223899250E-0001  1.08654471103673E+0000
 4.50000000000000E+0001 -4.99100155247799E-0001  1.12560968333380E+0000
 4.50000000000000E+0001 -1.93648440335220E+0000  1.16652968467903E+0000
 4.50000000000000E+0001 -3.44573786386182E+0000  1.21493049797957E+0000
 4.50000000000000E+0001 -5.03045399739693E+0000  1.27408483967025E+0000
 4.50000000000000E+0001 -6.69440593760878E+0000  1.34298641828624E+0000
 4.50000000000000E+0001 -8.44155547483123E+0000  1.41775800671684E+0000
 4.50000000000000E+0001 -1.02760624889148E+0001  1.49480244139255E+0000
 4.50000000000000E+0001 -1.22022948537025E+0001  1.57213177897380E+0000
 4.50000000000000E+0001 -1.42248388367297E+0001  1.64801549808992E+0000
 4.50000000000000E+0001 -1.63485100189082E+0001  1.71824688325519E+0000
 4.50000000000000E+0001 -1.85783647601956E+0001  1.77438783057565E+0000
 4.50000000000000E+0001 -2.09197122385474E+0001  1.80600117081812E+0000
 4.65000000000000E+0001  1.06500000000000E+0001  6.48159052809527E-0001
 4.65000000000000E+0001  9.76617095430180E+0000  7.06666251453671E-0001
 4.65000000000000E+0001  8.83815045631869E+0000  7.81376216041319E-0001
 4.65000000000000E+0001  7.86372893343642E+0000  8.39136932387317E-0001
 4.65000000000000E+0001  6.84058633441004E+0000  8.80888697137334E-0001
 4.65000000000000E+0001  5.76628660543234E+0000  9.19350348323387E-0001
 4.65000000000000E+0001  4.63827189000576E+0000  9.60857476283411E-0001
 4.65000000000000E+0001  3.45385643880784E+0000  1.00516709835184E+0000
 4.65000000000000E+0001  2.21022021505003E+0000  1.04907779231366E+0000
 4.65000000000000E+0001  9.04402180104336E-0001  1.08951099227225E+0000
 4.65000000000000E+0001 -4.66706756588650E-0001  1.12725696114204E+0000
 4.65000000000000E+0001 -1.90637114011628E+0000  1.16710561724738E+0000
 4.65000000000000E+0001 -3.41801874282030E+0000  1.21478071098793E+0000
 4.65000000000000E+0001 -5.00524872565952E+0000  1.27346527821372E+0000
 4.65000000000000E+0001 -6.67184020764070E+0000  1.34203452382439E+0000
 4.65000000000000E+0001 -8.42176126372093E+0000  1.41655053545609E+0000
 4.65000000000000E+0001 -1.02591783726051E+0001  1.49339053010903E+0000
 4.65000000000000E+0001 -1.21884663369336E+0001  1.57055340807618E+0000
 4.65000000000000E+0001 -1.42142186994785E+0001  1.64630016034161E+0000
 4.65000000000000E+0001 -1.63412586801507E+0001  1.71642111629496E+0000
 4.65000000000000E+0001 -1.85746506598564E+0001  1.77248179481443E+0000
 4.65000000000000E+0001 -2.09197122385474E+0001  1.80405228560523E+0000
 4.80000000000000E+0001  1.07000000000000E+0001  6.77500127004794E-0001
 4.80000000000000E+0001  9.81477114894561E+0000  7.39195673487589E-0001
 4.80000000000000E+0001  8.88528085533850E+0000  8.15660448384356E-0001
 4.80000000000000E+0001  7.90931604705103E+0000  8.69944798917175E-0001
 4.80000000000000E+0001  6.88455299834919E+0000  9.03661428744539E-0001
 4.80000000000000E+0001  5.80855179721226E+0000  9.33908051611711E-0001
 4.80000000000000E+0001  4.67875053601848E+0000  9.69574645116900E-0001
 4.80000000000000E+0001  3.49245921176501E+0000  1.01064403936925E+0000
 4.80000000000000E+0001  2.24685332129887E+0000  1.05263478540871E+0000
 4.80000000000000E+0001  9.38967136309422E-0001  1.09162357785548E+0000
 4.80000000000000E+0001 -4.34313357929499E-0001  1.12819345981599E+0000
 4.80000000000000E+0001 -1.87625787688037E+0000  1.16720903973075E+0000
 4.80000000000000E+0001 -3.39029962177877E+0000  1.21437001857394E+0000
 4.80000000000000E+0001 -4.98004345392211E+0000  1.27272881702377E+0000
 4.80000000000000E+0001 -6.64927447767261E+0000  1.34105821374188E+0000
 4.80000000000000E+0001 -8.40196705261063E+0000  1.41537579938128E+0000
 4.80000000000000E+0001 -1.02422942562955E+0001  1.49204762726917E+0000
 4.80000000000000E+0001 -1.21746378201647E+0001  1.56906738537643E+0000
 4.80000000000000E+0001 -1.42035985622273E+0001  1.64469258362650E+0000
 4.80000000000000E+0001 -1.63340073413931E+0001  1.71471345480605E+0000
 4.80000000000000E+0001 -1.85709365595172E+0001  1.77070044452776E+0000
 4.80000000000000E+0001 -2.09197122385474E+0001  1.80223136856441E+0000
 5.10000000000000E+0001  1.08000000000000E+0001  6.82428361419636E-0001
 5.10000000000000E+0001  9.91197153823323E+0000  7.46387505512964E-0001
 5.10000000000000E+0001  8.97954165337812E+0000  8.25814212128920E-0001
 5.10000000000000E+0001  8.00049027428025E+0000  8.81290767215794E-0001
 5.10000000000000E+0001  6.97248632622749E+0000  9.13737854993371E-0001
 5.10000000000000E+0001  5.89308218077209E+0000  9.41214807845352E-0001
 5.10000000000000E+0001  4.75970782804392E+0000  9.74407175432375E-0001
 5.10000000000000E+0001  3.56966475767935E+0000  1.01363335185320E+0000
 5.10000000000000E+0001  2.32011953379654E+0000  1.05426885064274E+0000
 5.10000000000000E+0001  1.00809704871960E+0000  1.09222128398587E+0000
 5.10000000000000E+0001 -3.69526560611195E-0001  1.12808687469873E+0000
 5.10000000000000E+0001 -1.81603135040853E+0000  1.16670084039229E+0000
 5.10000000000000E+0001 -3.33486137969573E+0000  1.21364661136372E+0000
 5.10000000000000E+0001 -4.92963291044729E+0000  1.27186032920418E+0000
 5.10000000000000E+0001 -6.60414301773643E+0000  1.34005590452078E+0000
 5.10000000000000E+0001 -8.36237863039002E+0000  1.41424351140446E+0000
 5.10000000000000E+0001 -1.02085260236763E+0001  1.49079282753228E+0000
 5.10000000000000E+0001 -1.21469807866268E+0001  1.56770086462645E+0000
 5.10000000000000E+0001 -1.41823582877250E+0001  1.64322644984846E+0000
 5.10000000000000E+0001 -1.63195046638780E+0001  1.71316249362946E+0000
 5.10000000000000E+0001 -1.85635083588387E+0001  1.76908569919865E+0000
 5.10000000000000E+0001 -2.09197122385474E+0001  1.80058197939215E+0000
 5.40000000000000E+0001  1.08000000000000E+0001  6.60358438119138E-0001
 5.40000000000000E+0001  9.91197153823323E+0000  7.24996205344876E-0001
 5.40000000000000E+0001  8.97954165337812E+0000  8.07800104749114E-0001
 5.40000000000000E+0001  8.00049027428025E+0000  8.69389752602496E-0001
 5.40000000000000E+0001  6.97248632622749E+0000  9.07787320648258E-0001
 5.40000000000000E+0001  5.89308218077209E+0000  9.39102827701166E-0001
 5.40000000000000E+0001  4.75970782804392E+0000  9.73807357630838E-0001
 5.40000000000000E+0001  3.56966475767935E+0000  1.01316489537358E+0000
 5.40000000000000E+0001  2.32011953379654E+0000  1.05339674692897E+0000
 5.40000000000000E+0001  1.00809704871960E+0000  1.09101580689386E+0000
 5.40000000000000E+0001 -3.69526560611195E-0001  1.12682320050141E+0000
 5.40000000000000E+0001 -1.81603135040853E+0000  1.16554559304604E+0000
 5.40000000000000E+0001 -3.33486137969573E+0000  1.21259413393051E+0000
 5.40000000000000E+0001 -4.92963291044729E+0000  1.27083436705552E+0000
 5.40000000000000E+0001 -6.60414301773643E+0000  1.33899527808735E+0000
 5.40000000000000E+0001 -8.36237863039002E+0000  1.41311535771029E+0000
 5.40000000000000E+0001 -1.02085260236763E+0001  1.48958500832351E+0000
 5.40000000000000E+0001 -1.21469807866268E+0001  1.56641115557331E+0000
 5.40000000000000E+0001 -1.41823582877250E+0001  1.64185797293061E+0000
 5.40000000000000E+0001 -1.63195046638780E+0001  1.71172355857909E+0000
 5.40000000000000E+0001 -1.85635083588387E+0001  1.76759216320791E+0000
 5.40000000000000E+0001 -2.09197122385474E+0001  1.79905831273086E+0000
 5.55000000000000E+0001  1.08500000000000E+0001  6.30392186376141E-0001
 5.55000000000000E+0001  9.96057173287704E+0000  6.93662225710100E-0001
 5.55000000000000E+0001  9.02667205239793E+0000  7.77996808573389E-0001
 5.55000000000000E+0001  8.04607738789486E+0000  8.45872008088060E-0001
 5.55000000000000E+0001  7.01645299016664E+0000  8.92504127407560E-0001
 5.55000000000000E+0001  5.93534737255201E+0000  9.30327472858495E-0001
 5.55000000000000E+0001  4.80018647405665E+0000  9.68684764977774E-0001
 5.55000000000000E+0001  3.60826753063652E+0000  1.00952422019032E+0000
 5.55000000000000E+0001  2.35675264004538E+0000  1.05024718714560E+0000
 5.55000000000000E+0001  1.04266200492468E+0000  1.08825504595212E+0000
 5.55000000000000E+0001 -3.37133161952044E-0001  1.12461033409383E+0000
 5.55000000000000E+0001 -1.78591808717261E+0000  1.16386570452902E+0000
 5.55000000000000E+0001 -3.30714225865420E+0000  1.21126180218562E+0000
 5.55000000000000E+0001 -4.90442763870988E+0000  1.26966040216171E+0000
 5.55000000000000E+0001 -6.58157728776834E+0000  1.33786172931551E+0000
 5.55000000000000E+0001 -8.34258441927972E+0000  1.41196452221435E+0000
 5.55000000000000E+0001 -1.01916419073666E+0001  1.48838927925041E+0000
 5.55000000000000E+0001 -1.21331522698579E+0001  1.56515797797098E+0000
 5.55000000000000E+0001 -1.41717381504738E+0001  1.64054317213281E+0000
 5.55000000000000E+0001 -1.63122533251205E+0001  1.71035007396579E+0000
 5.55000000000000E+0001 -1.85597942584995E+0001  1.76617153602291E+0000
 5.55000000000000E+0001 -2.09197122385474E+0001  1.79761118230072E+0000
 5.70000000000000E+0001  1.09000000000000E+0001  6.09548687205693E-0001
 5.70000000000000E+0001  1.00091719275208E+0001  6.70082210243323E-0001
 5.70000000000000E+0001  9.07380245141774E+0000  7.53083592755223E-0001
 5.70000000000000E+0001  8.09166450150947E+0000  8.23760331193975E-0001
 5.70000000000000E+0001  7.06041965410579E+0000  8.75895837147009E-0001
 5.70000000000000E+0001  5.97761256433193E+0000  9.19076361706876E-0001
 5.70000000000000E+0001  4.84066512006937E+0000  9.61080329786574E-0001
 5.70000000000000E+0001  3.64687030359368E+0000  1.00388887961399E+0000
 5.70000000000000E+0001  2.39338574629421E+0000  1.04569858518270E+0000
 5.70000000000000E+0001  1.07722696112977E+0000  1.08462333109727E+0000
 5.70000000000000E+0001 -3.04739763292893E-0001  1.12191120088959E+0000
 5.70000000000000E+0001 -1.75580482393669E+0000  1.16193300707269E+0000
 5.70000000000000E+0001 -3.27942313761268E+0000  1.20979877986614E+0000
 5.70000000000000E+0001 -4.87922236697247E+0000  1.26842293789631E+0000
 5.70000000000000E+0001 -6.55901155780025E+0000  1.33671214687503E+0000
 5.70000000000000E+0001 -8.32279020816942E+0000  1.41083308103837E+0000
 5.70000000000000E+0001 -1.01747577910570E+0001  1.48724029731777E+0000
 5.70000000000000E+0001 -1.21193237530890E+0001  1.56397238932461E+0000
 5.70000000000000E+0001 -1.41611180132226E+0001  1.63931172645675E+0000
 5.70000000000000E+0001 -1.63050019863629E+0001  1.70907148469887E+0000
 5.70000000000000E+0001 -1.85560801581602E+0001  1.76485347340707E+0000
 5.70000000000000E+0001 -2.09197122385474E+0001  1.79627045873920E+0000
 6.00000000000000E+0001  1.10000000000000E+0001  6.02438235902133E-0001
 6.00000000000000E+0001  1.01063723168084E+0001  6.60506882093455E-0001
 6.00000000000000E+0001  9.16806324945735E+0000  7.40676744289430E-0001
 6.00000000000000E+0001  8.18283872873869E+0000  8.10266265454482E-0001
 6.00000000000000E+0001  7.14835298198409E+0000  8.63544779454394E-0001
 6.00000000000000E+0001  6.06214294789176E+0000  9.09024617264459E-0001
 6.00000000000000E+0001  4.92162241209481E+0000  9.53302924034422E-0001
 6.00000000000000E+0001  3.72407584950802E+0000  9.97765290426721E-0001
 6.00000000000000E+0001  2.46665195879189E+0000  1.04078602670842E+0000
 6.00000000000000E+0001  1.14635687353995E+0000  1.08083147563200E+0000
 6.00000000000000E+0001 -2.39952965974593E-0001  1.11918128135352E+0000
 6.00000000000000E+0001 -1.69557829746486E+0000  1.16001053130800E+0000
 6.00000000000000E+0001 -3.22398489552963E+0000  1.20835425442596E+0000
 6.00000000000000E+0001 -4.82881182349765E+0000  1.26721586165029E+0000
 6.00000000000000E+0001 -6.51388009786407E+0000  1.33561113787196E+0000
 6.00000000000000E+0001 -8.28320178594881E+0000  1.40977148345985E+0000
 6.00000000000000E+0001 -1.01409895584377E+0001  1.48618115742822E+0000
 6.00000000000000E+0001 -1.20916667195512E+0001  1.56289422523580E+0000
 6.00000000000000E+0001 -1.41398777387203E+0001  1.63820238724371E+0000
 6.00000000000000E+0001 -1.62904993088479E+0001  1.70792655986847E+0000
 6.00000000000000E+0001 -1.85486519574818E+0001  1.76367715567597E+0000
 6.00000000000000E+0001 -2.09197122385474E+0001  1.79507565540412E+0000
 6.30000000000000E+0001  1.10000000000000E+0001  6.08766506807864E-0001
 6.30000000000000E+0001  1.01063723168084E+0001  6.65827726894064E-0001
 6.30000000000000E+0001  9.16806324945735E+0000  7.43297937467315E-0001
 6.30000000000000E+0001  8.18283872873869E+0000  8.09084803385590E-0001
 6.30000000000000E+0001  7.14835298198409E+0000  8.59124496349932E-0001
 6.30000000000000E+0001  6.06214294789176E+0000  9.03173103437082E-0001
 6.30000000000000E+0001  4.92162241209481E+0000  9.47371624261169E-0001
 6.30000000000000E+0001  3.72407584950802E+0000  9.92410063160714E-0001
 6.30000000000000E+0001  2.46665195879189E+0000  1.03626545449906E+0000
 6.30000000000000E+0001  1.14635687353995E+0000  1.07732291313660E+0000
 6.30000000000000E+0001 -2.39952965974593E-0001  1.11665676257447E+0000
 6.30000000000000E+0001 -1.69557829746486E+0000  1.15821418049072E+0000
 6.30000000000000E+0001 -3.22398489552963E+0000  1.20698325368290E+0000
 6.30000000000000E+0001 -4.82881182349765E+0000  1.26606167758135E+0000
 6.30000000000000E+0001 -6.51388009786407E+0000  1.33456446411199E+0000
 6.30000000000000E+0001 -8.28320178594881E+0000  1.40877442844986E+0000
 6.30000000000000E+0001 -1.01409895584377E+0001  1.48519970069723E+0000
 6.30000000000000E+0001 -1.20916667195512E+0001  1.56190675500973E+0000
 6.30000000000000E+0001 -1.41398777387203E+0001  1.63719530934420E+0000
 6.30000000000000E+0001 -1.62904993088479E+0001  1.70689335091969E+0000
 6.30000000000000E+0001 -1.85486519574818E+0001  1.76261932205574E+0000
 6.30000000000000E+0001 -2.09197122385474E+0001  1.79400287696510E+0000
 6.45000000000000E+0001  1.10000000000000E+0001  6.27279065200301E-0001
 6.45000000000000E+0001  1.01063723168084E+0001  6.84692883711032E-0001
 6.45000000000000E+0001  9.16806324945735E+0000  7.60137452000088E-0001
 6.45000000000000E+0001  8.18283872873869E+0000  8.20386437589791E-0001
 6.45000000000000E+0001  7.14835298198409E+0000  8.63877773624277E-0001
 6.45000000000000E+0001  6.06214294789176E+0000  9.02872901298031E-0001
 6.45000000000000E+0001  4.92162241209481E+0000  9.44463233232330E-0001
 6.45000000000000E+0001  3.72407584950802E+0000  9.88605473862748E-0001
 6.45000000000000E+0001  2.46665195879189E+0000  1.03262370761115E+0000
 6.45000000000000E+0001  1.14635687353995E+0000  1.07435909508313E+0000
 6.45000000000000E+0001 -2.39952965974593E-0001  1.11446036207188E+0000
 6.45000000000000E+0001 -1.69557829746486E+0000  1.15659636140573E+0000
 6.45000000000000E+0001 -3.22398489552963E+0000  1.20570575147883E+0000
 6.45000000000000E+0001 -4.82881182349765E+0000  1.26496702783942E+0000
 6.45000000000000E+0001 -6.51388009786407E+0000  1.33356842810465E+0000
 6.45000000000000E+0001 -8.28320178594881E+0000  1.40783061417738E+0000
 6.45000000000000E+0001 -1.01409895584377E+0001  1.48427835717166E+0000
 6.45000000000000E+0001 -1.20916667195512E+0001  1.56098745389713E+0000
 6.45000000000000E+0001 -1.41398777387203E+0001  1.63626419379451E+0000
 6.45000000000000E+0001 -1.62904993088479E+0001  1.70594280923820E+0000
 6.45000000000000E+0001 -1.85486519574818E+0001  1.76164910689371E+0000
 6.45000000000000E+0001 -2.09197122385474E+0001  1.79302035610411E+0000
 6.60000000000000E+0001  1.10000000000000E+0001  6.49863175783882E-0001
 6.60000000000000E+0001  1.01063723168084E+0001  7.08274064045497E-0001
 6.60000000000000E+0001  9.16806324945735E+0000  7.82504020148060E-0001
 6.60000000000000E+0001  8.18283872873869E+0000  8.37700281525888E-0001
 6.60000000000000E+0001  7.14835298198409E+0000  8.73951917609921E-0001
 6.60000000000000E+0001  6.06214294789176E+0000  9.06715153127275E-0001
 6.60000000000000E+0001  4.92162241209481E+0000  9.44289909650358E-0001
 6.60000000000000E+0001  3.72407584950802E+0000  9.86585402853985E-0001
 6.60000000000000E+0001  2.46665195879189E+0000  1.03014755795887E+0000
 6.60000000000000E+0001  1.14635687353995E+0000  1.07215725696659E+0000
 6.60000000000000E+0001 -2.39952965974593E-0001  1.11272942220503E+0000
 6.60000000000000E+0001 -1.69557829746486E+0000  1.15524456002679E+0000
 6.60000000000000E+0001 -3.22398489552963E+0000  1.20458809100065E+0000
 6.60000000000000E+0001 -4.82881182349765E+0000  1.26398415176227E+0000
 6.60000000000000E+0001 -6.51388009786407E+0000  1.33266633463434E+0000
 6.60000000000000E+0001 -8.28320178594881E+0000  1.40697563902466E+0000
 6.60000000000000E+0001 -1.01409895584377E+0001  1.48344679923046E+0000
 6.60000000000000E+0001 -1.20916667195512E+0001  1.56016179518430E+0000
 6.60000000000000E+0001 -1.41398777387203E+0001  1.63543175883816E+0000
 6.60000000000000E+0001 -1.62904993088479E+0001  1.70509599795254E+0000
 6.60000000000000E+0001 -1.85486519574818E+0001  1.76078671427423E+0000
 6.60000000000000E+0001 -2.09197122385474E+0001  1.79214794457032E+0000
 6.90000000000000E+0001  1.10000000000000E+0001  6.62118544235517E-0001
 6.90000000000000E+0001  1.01063723168084E+0001  7.21704980776238E-0001
 6.90000000000000E+0001  9.16806324945735E+0000  7.96483222984617E-0001
 6.90000000000000E+0001  8.18283872873869E+0000  8.49922006946216E-0001
 6.90000000000000E+0001  7.14835298198409E+0000  8.82543990189148E-0001
 6.90000000000000E+0001  6.06214294789176E+0000  9.11175289285103E-0001
 6.90000000000000E+0001  4.92162241209481E+0000  9.45577033864653E-0001
 6.90000000000000E+0001  3.72407584950802E+0000  9.86005805704710E-0001
 6.90000000000000E+0001  2.46665195879189E+0000  1.02884032409620E+0000
 6.90000000000000E+0001  1.14635687353995E+0000  1.07078455220101E+0000
 6.90000000000000E+0001 -2.39952965974593E-0001  1.11152853084937E+0000
 6.90000000000000E+0001 -1.69557829746486E+0000  1.15421969298633E+0000
 6.90000000000000E+0001 -3.22398489552963E+0000  1.20368546680462E+0000
 6.90000000000000E+0001 -4.82881182349765E+0000  1.26316458217081E+0000
 6.90000000000000E+0001 -6.51388009786407E+0000  1.33190368702527E+0000
 6.90000000000000E+0001 -8.28320178594881E+0000  1.40624982987906E+0000
 6.90000000000000E+0001 -1.01409895584377E+0001  1.48274128390662E+0000
 6.90000000000000E+0001 -1.20916667195512E+0001  1.55946319504811E+0000
 6.90000000000000E+0001 -1.41398777387203E+0001  1.63472963751551E+0000
 6.90000000000000E+0001 -1.62904993088479E+0001  1.70438361997789E+0000
 6.90000000000000E+0001 -1.85486519574818E+0001  1.76006246136714E+0000
 6.90000000000000E+0001 -2.09197122385474E+0001  1.79141586690532E+0000
 7.15000000000000E+0001  1.10000000000000E+0001  6.56273618639102E-0001
 7.15000000000000E+0001  1.01063723168084E+0001  7.17104194958710E-0001
 7.15000000000000E+0001  9.16806324945735E+0000  7.94511464982477E-0001
 7.15000000000000E+0001  8.18283872873869E+0000  8.51029518424809E-0001
 7.15000000000000E+0001  7.14835298198409E+0000  8.85413900892445E-0001
 7.15000000000000E+0001  6.06214294789176E+0000  9.13942288013803E-0001
 7.15000000000000E+0001  4.92162241209481E+0000  9.47118851566331E-0001
 7.15000000000000E+0001  3.72407584950802E+0000  9.86316742594855E-0001
 7.15000000000000E+0001  2.46665195879189E+0000  1.02842196008250E+0000
 7.15000000000000E+0001  1.14635687353995E+0000  1.07008758330871E+0000
 7.15000000000000E+0001 -2.39952965974593E-0001  1.11077886809803E+0000
 7.15000000000000E+0001 -1.69557829746486E+0000  1.15348871612609E+0000
 7.15000000000000E+0001 -3.22398489552963E+0000  1.20299147729058E+0000
 7.15000000000000E+0001 -4.82881182349765E+0000  1.26251072553694E+0000
 7.15000000000000E+0001 -6.51388009786407E+0000  1.33128510123485E+0000
 7.15000000000000E+0001 -8.28320178594881E+0000  1.40565714469201E+0000
 7.15000000000000E+0001 -1.01409895584377E+0001  1.48216441712115E+0000
 7.15000000000000E+0001 -1.20916667195512E+0001  1.55889276078971E+0000
 7.15000000000000E+0001 -1.41398777387203E+0001  1.63415762941711E+0000
 7.15000000000000E+0001 -1.62904993088479E+0001  1.70380447317304E+0000
 7.15000000000000E+0001 -1.85486519574818E+0001  1.75947452519892E+0000
 7.15000000000000E+0001 -2.09197122385474E+0001  1.79082199695325E+0000
 7.40000000000000E+0001  1.10000000000000E+0001  6.38300465778738E-0001
 7.40000000000000E+0001  1.01063723168084E+0001  7.00126169779911E-0001
 7.40000000000000E+0001  9.16806324945735E+0000  7.81237464202279E-0001
 7.40000000000000E+0001  8.18283872873869E+0000  8.43813075427789E-0001
 7.40000000000000E+0001  7.14835298198409E+0000  8.83659023095846E-0001
 7.40000000000000E+0001  6.06214294789176E+0000  9.14917935155402E-0001
 7.40000000000000E+0001  4.92162241209481E+0000  9.48421937102445E-0001
 7.40000000000000E+0001  3.72407584950802E+0000  9.87006169065643E-0001
 7.40000000000000E+0001  2.46665195879189E+0000  1.02850041063430E+0000
 7.40000000000000E+0001  1.14635687353995E+0000  1.06981227098884E+0000
 7.40000000000000E+0001 -2.39952965974593E-0001  1.11033756926989E+0000
 7.40000000000000E+0001 -1.69557829746486E+0000  1.15298295173955E+0000
 7.40000000000000E+0001 -3.22398489552963E+0000  1.20247469197373E+0000
 7.40000000000000E+0001 -4.82881182349765E+0000  1.26200708027683E+0000
 7.40000000000000E+0001 -6.51388009786407E+0000  1.33080072316036E+0000
 7.40000000000000E+0001 -8.28320178594881E+0000  1.40518959194875E+0000
 7.40000000000000E+0001 -1.01409895584377E+0001  1.48170828387287E+0000
 7.40000000000000E+0001 -1.20916667195512E+0001  1.55844186079391E+0000
 7.40000000000000E+0001 -1.41398777387203E+0001  1.63370611096873E+0000
 7.40000000000000E+0001 -1.62904993088479E+0001  1.70334801338946E+0000
 7.40000000000000E+0001 -1.85486519574818E+0001  1.75901165526491E+0000
 7.40000000000000E+0001 -2.09197122385474E+0001  1.79035472468097E+0000
 7.65000000000000E+0001  1.10000000000000E+0001  6.20058992247372E-0001
 7.65000000000000E+0001  1.01063723168084E+0001  6.82303069195614E-0001
 7.65000000000000E+0001  9.16806324945735E+0000  7.66524415530893E-0001
 7.65000000000000E+0001  8.18283872873869E+0000  8.34985436415926E-0001
 7.65000000000000E+0001  7.14835298198409E+0000  8.80598489151062E-0001
 7.65000000000000E+0001  6.06214294789176E+0000  9.15068986948481E-0001
 7.65000000000000E+0001  4.92162241209481E+0000  9.49402619535890E-0001
 7.65000000000000E+0001  3.72407584950802E+0000  9.87703115846632E-0001
 7.65000000000000E+0001  2.46665195879189E+0000  1.02875180213160E+0000
 7.65000000000000E+0001  1.14635687353995E+0000  1.06974514688235E+0000
 7.65000000000000E+0001 -2.39952965974593E-0001  1.11009000225099E+0000
 7.65000000000000E+0001 -1.69557829746486E+0000  1.15265101894918E+0000
 7.65000000000000E+0001 -3.22398489552963E+0000  1.20211471772489E+0000
 7.65000000000000E+0001 -4.82881182349765E+0000  1.26164652827841E+0000
 7.65000000000000E+0001 -6.51388009786407E+0000  1.33044902578415E+0000
 7.65000000000000E+0001 -8.28320178594881E+0000  1.40484780633010E+0000
 7.65000000000000E+0001 -1.01409895584377E+0001  1.48137398888461E+0000
 7.65000000000000E+0001 -1.20916667195512E+0001  1.55811128733544E+0000
 7.65000000000000E+0001 -1.41398777387203E+0001  1.63337530258675E+0000
 7.65000000000000E+0001 -1.62904993088479E+0001  1.70301387737607E+0000
 7.65000000000000E+0001 -1.85486519574818E+0001  1.75867306562561E+0000
 7.65000000000000E+0001 -2.09197122385474E+0001  1.79001303555865E+0000
 7.90000000000000E+0001  1.10000000000000E+0001  6.08634685472482E-0001
 7.90000000000000E+0001  1.01063723168084E+0001  6.70778868388406E-0001
 7.90000000000000E+0001  9.16806324945735E+0000  7.56687215290449E-0001
 7.90000000000000E+0001  8.18283872873869E+0000  8.28963353931651E-0001
 7.90000000000000E+0001  7.14835298198409E+0000  8.78436067744662E-0001
 7.90000000000000E+0001  6.06214294789176E+0000  9.15130360942747E-0001
 7.90000000000000E+0001  4.92162241209481E+0000  9.50060099589372E-0001
 7.90000000000000E+0001  3.72407584950802E+0000  9.88220084879101E-0001
 7.90000000000000E+0001  2.46665195879189E+0000  1.02898316096954E+0000
 7.90000000000000E+0001  1.14635687353995E+0000  1.06975296292622E+0000
 7.90000000000000E+0001 -2.39952965974593E-0001  1.10996297061521E+0000
 7.90000000000000E+0001 -1.69557829746486E+0000  1.15245647289628E+0000
 7.90000000000000E+0001 -3.22398489552963E+0000  1.20189459291740E+0000
 7.90000000000000E+0001 -4.82881182349765E+0000  1.26142140363230E+0000
 7.90000000000000E+0001 -6.51388009786407E+0000  1.33022702948398E+0000
 7.90000000000000E+0001 -8.28320178594881E+0000  1.40463090867915E+0000
 7.90000000000000E+0001 -1.01409895584377E+0001  1.48116137199559E+0000
 7.90000000000000E+0001 -1.20916667195512E+0001  1.55790092527802E+0000
 7.90000000000000E+0001 -1.41398777387203E+0001  1.63316484165044E+0000
 7.90000000000000E+0001 -1.62904993088479E+0001  1.70280139610936E+0000
 7.90000000000000E+0001 -1.85486519574818E+0001  1.75845782922911E+0000
 7.90000000000000E+0001 -2.09197122385474E+0001  1.78979586857898E+0000
 8.20000000000000E+0001  1.10000000000000E+0001  6.04068856270061E-0001
 8.20000000000000E+0001  1.01063723168084E+0001  6.65985055215091E-0001
 8.20000000000000E+0001  9.16806324945735E+0000  7.52473386695704E-0001
 8.20000000000000E+0001  8.18283872873869E+0000  8.26369820841834E-0001
 8.20000000000000E+0001  7.14835298198409E+0000  8.77559060782845E-0001
 8.20000000000000E+0001  6.06214294789176E+0000  9.15216397099543E-0001
 8.20000000000000E+0001  4.92162241209481E+0000  9.50400896576627E-0001
 8.20000000000000E+0001  3.72407584950802E+0000  9.88485036904992E-0001
 8.20000000000000E+0001  2.46665195879189E+0000  1.02910954701813E+0000
 8.20000000000000E+0001  1.14635687353995E+0000  1.06976922534703E+0000
 8.20000000000000E+0001 -2.39952965974593E-0001  1.10991040724821E+0000
 8.20000000000000E+0001 -1.69557829746486E+0000  1.15236904351112E+0000
 8.20000000000000E+0001 -3.22398489552963E+0000  1.20179295395541E+0000
 8.20000000000000E+0001 -4.82881182349765E+0000  1.26131609478044E+0000
 8.20000000000000E+0001 -6.51388009786407E+0000  1.33012248135453E+0000
 8.20000000000000E+0001 -8.28320178594881E+0000  1.40452841808994E+0000
 8.20000000000000E+0001 -1.01409895584377E+0001  1.48106075967617E+0000
 8.20000000000000E+0001 -1.20916667195512E+0001  1.55780133996893E+0000
 8.20000000000000E+0001 -1.41398777387203E+0001  1.63306521606082E+0000
 8.20000000000000E+0001 -1.62904993088479E+0001  1.70270083321102E+0000
 8.20000000000000E+0001 -1.85486519574818E+0001  1.75835597648631E+0000
 8.20000000000000E+0001 -2.09197122385474E+0001  1.78969310808574E+0000
