Zona_Num	Linea_Num	Zona_Nombre	Linea	ID	Xo	X	Y	Z
1	1	Los Cuates	L1	1	0	473499.29	1846288.02	12
1	1	Los Cuates	L1	2	3	473499.17	1846290.6	12
1	1	Los Cuates	L1	3	6	473499.04	1846293.17	11.9
1	1	Los Cuates	L1	4	9	473498.92	1846295.75	11.8
1	1	Los Cuates	L1	5	12	473498.8	1846298.33	11.7
1	1	Los Cuates	L1	6	15	473498.68	1846300.9	11.5
1	1	Los Cuates	L1	7	18	473498.55	1846303.48	11.2
1	1	Los Cuates	L1	8	21	473498.43	1846306.06	11
1	1	Los Cuates	L1	9	24	473498.31	1846308.63	10.8
1	1	Los Cuates	L1	10	27	473498.19	1846311.21	10.7
1	1	Los Cuates	L1	11	30	473498.07	1846313.79	10.6
1	1	Los Cuates	L1	12	33	473497.94	1846316.36	10.5
1	1	Los Cuates	L1	13	36	473497.82	1846318.94	10.5
1	1	Los Cuates	L1	14	39	473496.93	1846322.21	10.5
1	1	Los Cuates	L1	15	42	473496.03	1846325.47	10.6
1	1	Los Cuates	L1	16	45	473495.14	1846328.74	10.6
1	1	Los Cuates	L1	17	48	473494.25	1846332.01	10.7
1	1	Los Cuates	L1	18	51	473493.35	1846335.28	10.8
1	1	Los Cuates	L1	19	54	473492.46	1846338.54	10.8
1	1	Los Cuates	L1	20	57	473491.56	1846341.81	10.9
1	1	Los Cuates	L1	21	60	473490.67	1846345.08	11
1	1	Los Cuates	L1	22	63	473489.78	1846348.35	11
1	1	Los Cuates	L1	23	66	473488.88	1846351.61	11
1	1	Los Cuates	L1	24	69	473487.99	1846354.88	11
1	2	Los Cuates	L2	1	0	473477.78	1846283.21	12
1	2	Los Cuates	L2	2	3	473477.74	1846286.1	12
1	2	Los Cuates	L2	3	6	473477.69	1846288.98	11.9
1	2	Los Cuates	L2	4	9	473477.65	1846291.87	11.8
1	2	Los Cuates	L2	5	12	473477.6	1846294.76	11.7
1	2	Los Cuates	L2	6	15	473477.55	1846297.65	11.5
1	2	Los Cuates	L2	7	18	473477.51	1846300.54	11.2
1	2	Los Cuates	L2	8	21	473477.47	1846303.42	11
1	2	Los Cuates	L2	9	24	473477.42	1846306.31	10.8
1	2	Los Cuates	L2	10	27	473477.38	1846309.2	10.7
1	2	Los Cuates	L2	11	30	473477.33	1846312.08	10.6
1	2	Los Cuates	L2	12	33	473477.28	1846314.97	10.5
1	2	Los Cuates	L2	13	36	473477.24	1846317.86	10.5
1	2	Los Cuates	L2	14	39	473476.71	1846321.06	10.5
1	2	Los Cuates	L2	15	42	473476.19	1846324.26	10.6
1	2	Los Cuates	L2	16	45	473475.66	1846327.46	10.6
1	2	Los Cuates	L2	17	48	473475.13	1846330.66	10.7
1	2	Los Cuates	L2	18	51	473474.61	1846333.86	10.8
1	2	Los Cuates	L2	19	54	473474.08	1846337.05	10.8
1	2	Los Cuates	L2	20	57	473473.56	1846340.25	10.9
1	2	Los Cuates	L2	21	60	473473.03	1846343.45	11
1	2	Los Cuates	L2	22	63	473472.5	1846346.65	11
1	2	Los Cuates	L2	23	66	473471.98	1846349.85	11
1	2	Los Cuates	L2	24	69	473471.45	1846353.05	11
2	3	Zoyatlan	L1	1	0	528405.82	1847660.73	142
2	3	Zoyatlan	L1	2	3	528404.23	1847657.74	142
2	3	Zoyatlan	L1	3	6	528402.63	1847654.76	141.9
2	3	Zoyatlan	L1	4	9	528401.04	1847651.77	141.8
2	3	Zoyatlan	L1	5	12	528399.44	1847648.79	141.6
2	3	Zoyatlan	L1	6	15	528397.85	1847645.8	141.4
2	3	Zoyatlan	L1	7	18	528396.25	1847642.82	141.2
2	3	Zoyatlan	L1	8	21	528394.66	1847639.83	141.1
2	3	Zoyatlan	L1	9	24	528393.06	1847636.85	141
2	3	Zoyatlan	L1	10	27	528391.47	1847633.86	141
2	3	Zoyatlan	L1	11	30	528389.87	1847630.88	141
2	3	Zoyatlan	L1	12	33	528388.28	1847627.89	141
2	3	Zoyatlan	L1	13	36	528386.5	1847625.07	141
2	3	Zoyatlan	L1	14	39	528384.72	1847622.24	140.8
2	3	Zoyatlan	L1	15	42	528382.94	1847619.42	140.6
2	3	Zoyatlan	L1	16	45	528381.15	1847616.6	140.3
2	3	Zoyatlan	L1	17	48	528379.37	1847613.78	140.1
2	3	Zoyatlan	L1	18	51	528377.59	1847610.96	140
2	3	Zoyatlan	L1	19	54	528375.81	1847608.13	140.1
2	3	Zoyatlan	L1	20	57	528374.03	1847605.31	140.3
2	3	Zoyatlan	L1	21	60	528372.24	1847602.49	140.5
2	3	Zoyatlan	L1	22	63	528370.46	1847599.67	140.8
2	3	Zoyatlan	L1	23	66	528368.68	1847596.84	141
2	3	Zoyatlan	L1	24	69	528366.9	1847594.02	141
2	4	Zoyatlan	L2	1	0	528396.09	1847663.99	142
2	4	Zoyatlan	L2	2	3	528394.36	1847661	142
2	4	Zoyatlan	L2	3	6	528392.63	1847658.02	141.9
2	4	Zoyatlan	L2	4	9	528390.89	1847655.03	141.8
2	4	Zoyatlan	L2	5	12	528389.16	1847652.04	141.6
2	4	Zoyatlan	L2	6	15	528387.43	1847649.05	141.4
2	4	Zoyatlan	L2	7	18	528385.7	1847646.07	141.2
2	4	Zoyatlan	L2	8	21	528383.97	1847643.08	141.1
2	4	Zoyatlan	L2	9	24	528382.24	1847640.09	141
2	4	Zoyatlan	L2	10	27	528380.5	1847637.1	141
2	4	Zoyatlan	L2	11	30	528378.77	1847634.12	141
2	4	Zoyatlan	L2	12	33	528377.04	1847631.13	141
2	4	Zoyatlan	L2	13	36	528375.24	1847628.52	141
2	4	Zoyatlan	L2	14	39	528373.44	1847625.9	140.8
2	4	Zoyatlan	L2	15	42	528371.64	1847623.29	140.6
2	4	Zoyatlan	L2	16	45	528369.83	1847620.68	140.3
2	4	Zoyatlan	L2	17	48	528368.03	1847618.06	140.1
2	4	Zoyatlan	L2	18	51	528366.23	1847615.45	140
2	4	Zoyatlan	L2	19	54	528364.43	1847612.84	140.1
2	4	Zoyatlan	L2	20	57	528362.63	1847610.22	140.3
2	4	Zoyatlan	L2	21	60	528360.82	1847607.61	140.5
2	4	Zoyatlan	L2	22	63	528359.02	1847605	140.8
2	4	Zoyatlan	L2	23	66	528357.22	1847602.38	141
2	4	Zoyatlan	L2	24	69	528355.42	1847599.77	141
3	5	El_Faisanal	L1	1	0	369099.78	1923608.85	745
3	5	El_Faisanal	L1	2	3	369096.99	1923609.5	744.9
3	5	El_Faisanal	L1	3	6	369094.2	1923610.15	744.7
3	5	El_Faisanal	L1	4	9	369091.41	1923610.8	744.2
3	5	El_Faisanal	L1	5	12	369088.62	1923611.45	743.5
3	5	El_Faisanal	L1	6	15	369085.83	1923612.1	742.5
3	5	El_Faisanal	L1	7	18	369083.04	1923612.75	741.5
3	5	El_Faisanal	L1	8	21	369080.25	1923613.4	740.6
3	5	El_Faisanal	L1	9	24	369077.46	1923614.05	739.9
3	5	El_Faisanal	L1	10	27	369074.67	1923614.7	739.4
3	5	El_Faisanal	L1	11	30	369071.88	1923615.35	739.1
3	5	El_Faisanal	L1	12	33	369069.09	1923616	739
3	5	El_Faisanal	L1	13	36	369066.3	1923616.65	739
3	5	El_Faisanal	L1	14	39	369063.13	1923616.71	739
3	5	El_Faisanal	L1	15	42	369059.97	1923616.76	738.9
3	5	El_Faisanal	L1	16	45	369056.8	1923616.82	738.6
3	5	El_Faisanal	L1	17	48	369053.63	1923616.88	738.1
3	5	El_Faisanal	L1	18	51	369050.46	1923616.93	737.3
3	5	El_Faisanal	L1	19	54	369047.3	1923616.99	736.4
3	5	El_Faisanal	L1	20	57	369044.13	1923617.04	735.5
3	5	El_Faisanal	L1	21	60	369040.96	1923617.1	734.8
3	5	El_Faisanal	L1	22	63	369037.79	1923617.16	734.3
3	5	El_Faisanal	L1	23	66	369034.63	1923617.21	734.1
3	5	El_Faisanal	L1	24	69	369031.46	1923617.27	734
3	6	El_Faisanal	L2	1	0	369053.06	1923572.91	735
3	6	El_Faisanal	L2	2	3	369050.24	1923572.35	734.9
3	6	El_Faisanal	L2	3	6	369047.42	1923571.79	734.6
3	6	El_Faisanal	L2	4	9	369044.61	1923571.23	734
3	6	El_Faisanal	L2	5	12	369041.79	1923570.67	733
3	6	El_Faisanal	L2	6	15	369038.97	1923570.11	731.8
3	6	El_Faisanal	L2	7	18	369036.16	1923569.55	730.5
3	6	El_Faisanal	L2	8	21	369033.34	1923569	729.2
3	6	El_Faisanal	L2	9	24	369030.52	1923568.44	728.2
3	6	El_Faisanal	L2	10	27	369027.7	1923567.88	727.6
3	6	El_Faisanal	L2	11	30	369024.89	1923567.32	727.2
3	6	El_Faisanal	L2	12	33	369022.07	1923566.76	727
3	6	El_Faisanal	L2	13	36	369019.25	1923566.2	727
3	6	El_Faisanal	L2	14	39	369016.19	1923565.65	727
3	6	El_Faisanal	L2	15	42	369013.14	1923565.11	726.9
3	6	El_Faisanal	L2	16	45	369010.08	1923564.56	726.7
3	6	El_Faisanal	L2	17	48	369007.02	1923564.01	726.2
3	6	El_Faisanal	L2	18	51	369003.97	1923563.47	725.4
3	6	El_Faisanal	L2	19	54	369000.91	1923562.92	724.5
3	6	El_Faisanal	L2	20	57	368997.86	1923562.38	723.6
3	6	El_Faisanal	L2	21	60	368994.8	1923561.83	722.9
3	6	El_Faisanal	L2	22	63	368991.74	1923561.28	722.3
3	6	El_Faisanal	L2	23	66	368988.69	1923560.74	722.1
3	6	El_Faisanal	L2	24	69	368985.63	1923560.19	722
3	7	El_Faisanal	L3	1	0	369025.1	1923587.24	728
3	7	El_Faisanal	L3	2	3	369022.39	1923586.35	727.9
3	7	El_Faisanal	L3	3	6	369019.67	1923585.46	727.6
3	7	El_Faisanal	L3	4	9	369016.95	1923584.57	727.1
3	7	El_Faisanal	L3	5	12	369014.24	1923583.68	726.2
3	7	El_Faisanal	L3	6	15	369011.53	1923582.79	725.2
3	7	El_Faisanal	L3	7	18	369008.81	1923581.9	724
3	7	El_Faisanal	L3	8	21	369006.09	1923581	722.9
3	7	El_Faisanal	L3	9	24	369003.38	1923580.11	722.1
3	7	El_Faisanal	L3	10	27	369000.67	1923579.22	721.5
3	7	El_Faisanal	L3	11	30	368997.95	1923578.33	721.2
3	7	El_Faisanal	L3	12	33	368995.23	1923577.44	721
3	7	El_Faisanal	L3	13	36	368992.52	1923576.55	721
3	7	El_Faisanal	L3	14	39	368989.57	1923575.52	721
3	7	El_Faisanal	L3	15	42	368986.61	1923574.49	720.9
3	7	El_Faisanal	L3	16	45	368983.66	1923573.47	720.6
3	7	El_Faisanal	L3	17	48	368980.7	1923572.44	720.1
3	7	El_Faisanal	L3	18	51	368977.75	1923571.41	719.4
3	7	El_Faisanal	L3	19	54	368974.79	1923570.38	718.5
3	7	El_Faisanal	L3	20	57	368971.84	1923569.35	717.6
3	7	El_Faisanal	L3	21	60	368968.88	1923568.32	716.8
3	7	El_Faisanal	L3	22	63	368965.93	1923567.3	716.3
3	7	El_Faisanal	L3	23	66	368962.97	1923566.27	716.1
3	7	El_Faisanal	L3	24	69	368960.02	1923565.24	716
3	8	El_Faisanal	L4	1	0	369020.52	1923607.36	730
3	8	El_Faisanal	L4	2	3	369017.7	1923607.29	729.9
3	8	El_Faisanal	L4	3	6	369014.89	1923607.23	729.7
3	8	El_Faisanal	L4	4	9	369012.07	1923607.16	729.3
3	8	El_Faisanal	L4	5	12	369009.25	1923607.09	728.7
3	8	El_Faisanal	L4	6	15	369006.43	1923607.03	727.9
3	8	El_Faisanal	L4	7	18	369003.61	1923606.96	727.1
3	8	El_Faisanal	L4	8	21	369000.8	1923606.89	726.3
3	8	El_Faisanal	L4	9	24	368997.98	1923606.83	725.7
3	8	El_Faisanal	L4	10	27	368995.16	1923606.76	725.3
3	8	El_Faisanal	L4	11	30	368992.35	1923606.69	725.1
3	8	El_Faisanal	L4	12	33	368989.53	1923606.63	725
3	8	El_Faisanal	L4	13	36	368986.71	1923606.56	725
3	8	El_Faisanal	L4	14	39	368983.54	1923606.66	725
3	8	El_Faisanal	L4	15	42	368980.36	1923606.77	724.9
3	8	El_Faisanal	L4	16	45	368977.19	1923606.87	724.6
3	8	El_Faisanal	L4	17	48	368974.02	1923606.97	724
3	8	El_Faisanal	L4	18	51	368970.84	1923607.07	723.3
3	8	El_Faisanal	L4	19	54	368967.67	1923607.18	722.4
3	8	El_Faisanal	L4	20	57	368964.49	1923607.28	721.5
3	8	El_Faisanal	L4	21	60	368961.32	1923607.38	720.8
3	8	El_Faisanal	L4	22	63	368958.15	1923607.48	720.3
3	8	El_Faisanal	L4	23	66	368954.97	1923607.59	720.1
3	8	El_Faisanal	L4	24	69	368951.8	1923607.69	720
4	9	Santa_Gertrudis	L1	1	0	404548.76	1908907.41	821
4	9	Santa_Gertrudis	L1	2	3	404551.01	1908905.45	821
4	9	Santa_Gertrudis	L1	3	6	404553.26	1908903.48	821.1
4	9	Santa_Gertrudis	L1	4	9	404555.51	1908901.52	821.2
4	9	Santa_Gertrudis	L1	5	12	404557.76	1908899.56	821.4
4	9	Santa_Gertrudis	L1	6	15	404560.01	1908897.59	821.6
4	9	Santa_Gertrudis	L1	7	18	404562.25	1908895.63	821.8
4	9	Santa_Gertrudis	L1	8	21	404564.5	1908893.66	821.9
4	9	Santa_Gertrudis	L1	9	24	404566.75	1908891.7	822
4	9	Santa_Gertrudis	L1	10	27	404569	1908889.74	822
4	9	Santa_Gertrudis	L1	11	30	404571.25	1908887.77	822
4	9	Santa_Gertrudis	L1	12	33	404573.5	1908885.81	822
4	9	Santa_Gertrudis	L1	13	36	404576.09	1908884.66	822
4	9	Santa_Gertrudis	L1	14	39	404578.69	1908883.52	822.1
4	9	Santa_Gertrudis	L1	15	42	404581.29	1908882.37	822.2
4	9	Santa_Gertrudis	L1	16	45	404583.88	1908881.23	822.5
4	9	Santa_Gertrudis	L1	17	48	404586.47	1908880.08	822.9
4	9	Santa_Gertrudis	L1	18	51	404589.07	1908878.94	823.4
4	9	Santa_Gertrudis	L1	19	54	404591.67	1908877.79	823.8
4	9	Santa_Gertrudis	L1	20	57	404594.26	1908876.64	824.3
4	9	Santa_Gertrudis	L1	21	60	404596.85	1908875.5	824.6
4	9	Santa_Gertrudis	L1	22	63	404599.45	1908874.35	824.9
4	9	Santa_Gertrudis	L1	23	66	404602.05	1908873.21	825
4	9	Santa_Gertrudis	L1	24	69	404604.64	1908872.06	825
4	10	Santa_Gertrudis	L2	1	0	404561.66	1908907.87	820
4	10	Santa_Gertrudis	L2	2	3	404564.66	1908906.52	820
4	10	Santa_Gertrudis	L2	3	6	404567.66	1908905.17	820.1
4	10	Santa_Gertrudis	L2	4	9	404570.66	1908903.81	820.3
4	10	Santa_Gertrudis	L2	5	12	404573.66	1908902.46	820.5
4	10	Santa_Gertrudis	L2	6	15	404576.66	1908901.11	820.8
4	10	Santa_Gertrudis	L2	7	18	404579.66	1908899.76	821.1
4	10	Santa_Gertrudis	L2	8	21	404582.66	1908898.41	821.4
4	10	Santa_Gertrudis	L2	9	24	404585.66	1908897.06	821.7
4	10	Santa_Gertrudis	L2	10	27	404588.66	1908895.71	821.8
4	10	Santa_Gertrudis	L2	11	30	404591.66	1908894.35	821.9
4	10	Santa_Gertrudis	L2	12	33	404594.66	1908893	822
4	10	Santa_Gertrudis	L2	13	36	404597.66	1908891.65	822
4	10	Santa_Gertrudis	L2	14	39	404599.9	1908890.6	822
4	10	Santa_Gertrudis	L2	15	42	404602.14	1908889.55	822
4	10	Santa_Gertrudis	L2	16	45	404604.38	1908888.5	822.1
4	10	Santa_Gertrudis	L2	17	48	404606.62	1908887.45	822.1
4	10	Santa_Gertrudis	L2	18	51	404608.86	1908886.4	822.3
4	10	Santa_Gertrudis	L2	19	54	404611.09	1908885.34	822.5
4	10	Santa_Gertrudis	L2	20	57	404613.33	1908884.29	822.7
4	10	Santa_Gertrudis	L2	21	60	404615.57	1908883.24	822.8
4	10	Santa_Gertrudis	L2	22	63	404617.81	1908882.19	822.9
4	10	Santa_Gertrudis	L2	23	66	404620.05	1908881.14	823
4	10	Santa_Gertrudis	L2	24	69	404622.29	1908880.09	823
5	11	Rancho_Nuevo	L1	1	0	315821.02	1954549.82	1654
5	11	Rancho_Nuevo	L1	2	3	315821.34	1954546.85	1653.9
5	11	Rancho_Nuevo	L1	3	6	315821.65	1954543.89	1653.4
5	11	Rancho_Nuevo	L1	4	9	315821.97	1954540.92	1652.6
5	11	Rancho_Nuevo	L1	5	12	315822.29	1954537.96	1652.1
5	11	Rancho_Nuevo	L1	6	15	315822.6	1954534.99	1652
5	11	Rancho_Nuevo	L1	7	18	315822.92	1954532.02	1652.1
5	11	Rancho_Nuevo	L1	8	21	315823.24	1954529.06	1652.2
5	11	Rancho_Nuevo	L1	9	24	315823.55	1954526.09	1652.3
5	11	Rancho_Nuevo	L1	10	27	315823.87	1954523.13	1652.4
5	11	Rancho_Nuevo	L1	11	30	315824.19	1954520.16	1652.5
5	11	Rancho_Nuevo	L1	12	33	315824.5	1954517.19	1652.5
5	11	Rancho_Nuevo	L1	13	36	315824.82	1954514.23	1652.6
5	11	Rancho_Nuevo	L1	14	39	315825.13	1954511.26	1652.7
5	11	Rancho_Nuevo	L1	15	42	315825.45	1954508.29	1652.8
5	11	Rancho_Nuevo	L1	16	45	315825.77	1954505.33	1652.8
5	11	Rancho_Nuevo	L1	17	48	315826.08	1954502.36	1652.9
5	11	Rancho_Nuevo	L1	18	51	315826.4	1954499.4	1652.9
5	11	Rancho_Nuevo	L1	19	54	315826.72	1954496.43	1652.9
5	11	Rancho_Nuevo	L1	20	57	315827.03	1954493.46	1653
5	11	Rancho_Nuevo	L1	21	60	315827.35	1954490.5	1653
5	11	Rancho_Nuevo	L1	22	63	315827.67	1954487.53	1653
5	11	Rancho_Nuevo	L1	23	66	315827.98	1954484.57	1653
5	11	Rancho_Nuevo	L1	24	69	315828.3	1954481.6	1653
5	12	Rancho_Nuevo	L2	1	0	315835.47	1954549.42	1653
5	12	Rancho_Nuevo	L2	2	3	315837.77	1954547.51	1652.9
5	12	Rancho_Nuevo	L2	3	6	315840.06	1954545.59	1652.5
5	12	Rancho_Nuevo	L2	4	9	315842.36	1954543.68	1651.8
5	12	Rancho_Nuevo	L2	5	12	315844.65	1954541.76	1651
5	12	Rancho_Nuevo	L2	6	15	315846.95	1954539.85	1650.4
5	12	Rancho_Nuevo	L2	7	18	315849.25	1954537.94	1650.1
5	12	Rancho_Nuevo	L2	8	21	315851.54	1954536.02	1650
5	12	Rancho_Nuevo	L2	9	24	315853.84	1954534.11	1650
5	12	Rancho_Nuevo	L2	10	27	315856.13	1954532.19	1650
5	12	Rancho_Nuevo	L2	11	30	315858.43	1954530.28	1650
5	12	Rancho_Nuevo	L2	12	33	315860.73	1954528.37	1649.9
5	12	Rancho_Nuevo	L2	13	36	315863.02	1954526.45	1649.6
5	12	Rancho_Nuevo	L2	14	39	315865.32	1954524.54	1649.3
5	12	Rancho_Nuevo	L2	15	42	315867.62	1954522.63	1648.8
5	12	Rancho_Nuevo	L2	16	45	315869.91	1954520.71	1648.2
5	12	Rancho_Nuevo	L2	17	48	315872.21	1954518.8	1647.5
5	12	Rancho_Nuevo	L2	18	51	315874.5	1954516.88	1646.9
5	12	Rancho_Nuevo	L2	19	54	315876.8	1954514.97	1646.3
5	12	Rancho_Nuevo	L2	20	57	315879.1	1954513.06	1645.8
5	12	Rancho_Nuevo	L2	21	60	315881.39	1954511.14	1645.4
5	12	Rancho_Nuevo	L2	22	63	315883.69	1954509.23	1645.2
5	12	Rancho_Nuevo	L2	23	66	315885.98	1954507.31	1645
5	12	Rancho_Nuevo	L2	24	69	315888.28	1954505.4	1645
6	13	Paso_Amatitlan	L1	1	0	361600.65	2027523.32	356
6	13	Paso_Amatitlan	L1	2	3	361603.4	2027521.74	356
6	13	Paso_Amatitlan	L1	3	6	361606.16	2027520.16	356
6	13	Paso_Amatitlan	L1	4	9	361608.91	2027518.58	356.1
6	13	Paso_Amatitlan	L1	5	12	361611.66	2027516.99	356.1
6	13	Paso_Amatitlan	L1	6	15	361614.42	2027515.41	356.2
6	13	Paso_Amatitlan	L1	7	18	361617.17	2027513.83	356.3
6	13	Paso_Amatitlan	L1	8	21	361619.92	2027512.25	356.5
6	13	Paso_Amatitlan	L1	9	24	361622.68	2027510.67	356.7
6	13	Paso_Amatitlan	L1	10	27	361625.43	2027509.09	356.9
6	13	Paso_Amatitlan	L1	11	30	361628.18	2027507.5	357.1
6	13	Paso_Amatitlan	L1	12	33	361630.94	2027505.92	357.4
6	13	Paso_Amatitlan	L1	13	36	361633.69	2027504.34	357.6
6	13	Paso_Amatitlan	L1	14	39	361635.72	2027502.2	357.9
6	13	Paso_Amatitlan	L1	15	42	361637.75	2027500.06	358.1
6	13	Paso_Amatitlan	L1	16	45	361639.78	2027497.92	358.3
6	13	Paso_Amatitlan	L1	17	48	361641.81	2027495.78	358.5
6	13	Paso_Amatitlan	L1	18	51	361643.84	2027493.64	358.7
6	13	Paso_Amatitlan	L1	19	54	361645.86	2027491.5	358.8
6	13	Paso_Amatitlan	L1	20	57	361647.89	2027489.36	358.9
6	13	Paso_Amatitlan	L1	21	60	361649.92	2027487.22	358.9
6	13	Paso_Amatitlan	L1	22	63	361651.95	2027485.08	359
6	13	Paso_Amatitlan	L1	23	66	361653.98	2027482.94	359
6	13	Paso_Amatitlan	L1	24	69	361656.01	2027480.8	359
6	14	Paso_Amatitlan	L2	1	0	361606.43	2027527.79	356
6	14	Paso_Amatitlan	L2	2	3	361609.27	2027526.72	356
6	14	Paso_Amatitlan	L2	3	6	361612.1	2027525.65	356
6	14	Paso_Amatitlan	L2	4	9	361614.94	2027524.58	356.1
6	14	Paso_Amatitlan	L2	5	12	361617.78	2027523.51	356.1
6	14	Paso_Amatitlan	L2	6	15	361620.61	2027522.44	356.2
6	14	Paso_Amatitlan	L2	7	18	361623.45	2027521.36	356.3
6	14	Paso_Amatitlan	L2	8	21	361626.29	2027520.29	356.5
6	14	Paso_Amatitlan	L2	9	24	361629.12	2027519.22	356.7
6	14	Paso_Amatitlan	L2	10	27	361631.96	2027518.15	356.9
6	14	Paso_Amatitlan	L2	11	30	361634.8	2027517.08	357.1
6	14	Paso_Amatitlan	L2	12	33	361637.63	2027516.01	357.4
6	14	Paso_Amatitlan	L2	13	36	361640.47	2027514.94	357.6
6	14	Paso_Amatitlan	L2	14	39	361643.28	2027513.92	357.9
6	14	Paso_Amatitlan	L2	15	42	361646.09	2027512.89	358.1
6	14	Paso_Amatitlan	L2	16	45	361648.9	2027511.87	358.3
6	14	Paso_Amatitlan	L2	17	48	361651.71	2027510.85	358.5
6	14	Paso_Amatitlan	L2	18	51	361654.52	2027509.83	358.7
6	14	Paso_Amatitlan	L2	19	54	361657.32	2027508.8	358.8
6	14	Paso_Amatitlan	L2	20	57	361660.13	2027507.78	358.9
6	14	Paso_Amatitlan	L2	21	60	361662.94	2027506.76	358.9
6	14	Paso_Amatitlan	L2	22	63	361665.75	2027505.74	359
6	14	Paso_Amatitlan	L2	23	66	361668.56	2027504.71	359
6	14	Paso_Amatitlan	L2	24	69	361671.37	2027503.69	359
6	15	Paso_Amatitlan	L3	1	0	361583.6	2027512.35	358
6	15	Paso_Amatitlan	L3	2	3	361584.98	2027510.13	358
6	15	Paso_Amatitlan	L3	3	6	361586.36	2027507.92	358
6	15	Paso_Amatitlan	L3	4	9	361587.74	2027505.7	358
6	15	Paso_Amatitlan	L3	5	12	361589.12	2027503.49	358
6	15	Paso_Amatitlan	L3	6	15	361590.5	2027501.27	358.1
6	15	Paso_Amatitlan	L3	7	18	361591.88	2027499.06	358.1
6	15	Paso_Amatitlan	L3	8	21	361593.26	2027496.84	358.2
6	15	Paso_Amatitlan	L3	9	24	361594.64	2027494.62	358.2
6	15	Paso_Amatitlan	L3	10	27	361596.02	2027492.41	358.3
6	15	Paso_Amatitlan	L3	11	30	361597.4	2027490.19	358.4
6	15	Paso_Amatitlan	L3	12	33	361598.78	2027487.98	358.5
6	15	Paso_Amatitlan	L3	13	36	361600.16	2027485.76	358.5
6	15	Paso_Amatitlan	L3	14	39	361601	2027482.38	358.6
6	15	Paso_Amatitlan	L3	15	42	361601.83	2027479	358.7
6	15	Paso_Amatitlan	L3	16	45	361602.67	2027475.62	358.8
6	15	Paso_Amatitlan	L3	17	48	361603.51	2027472.24	358.8
6	15	Paso_Amatitlan	L3	18	51	361604.35	2027468.86	358.9
6	15	Paso_Amatitlan	L3	19	54	361605.18	2027465.49	358.9
6	15	Paso_Amatitlan	L3	20	57	361606.02	2027462.11	359
6	15	Paso_Amatitlan	L3	21	60	361606.86	2027458.73	359
6	15	Paso_Amatitlan	L3	22	63	361607.7	2027455.35	359
6	15	Paso_Amatitlan	L3	23	66	361608.53	2027451.97	359
6	15	Paso_Amatitlan	L3	24	69	361609.37	2027448.59	359
7	16	HaciendaNueva	L1	1	0	359741.12	2025850.93	360
7	16	HaciendaNueva	L1	2	5	359745.56	2025852.46	360
7	16	HaciendaNueva	L1	3	10	359749.99	2025854	359.9
7	16	HaciendaNueva	L1	4	15	359754.43	2025855.53	359.8
7	16	HaciendaNueva	L1	5	20	359758.86	2025857.07	359.5
7	16	HaciendaNueva	L1	6	25	359763.3	2025858.6	359.3
7	16	HaciendaNueva	L1	7	30	359767.73	2025860.14	358.9
7	16	HaciendaNueva	L1	8	35	359772.17	2025861.67	358.6
7	16	HaciendaNueva	L1	9	40	359776.6	2025863.21	358.4
7	16	HaciendaNueva	L1	10	45	359781.04	2025864.74	358.2
7	16	HaciendaNueva	L1	11	50	359785.47	2025866.28	358.1
7	16	HaciendaNueva	L1	12	56	359790.8	2025868.12	358
7	16	HaciendaNueva	L1	13	62	359796.12	2025869.96	358
7	16	HaciendaNueva	L1	14	68	359802.5	2025871.3	358
7	16	HaciendaNueva	L1	15	73	359807.82	2025872.43	358
7	16	HaciendaNueva	L1	16	78	359813.14	2025873.55	357.9
7	16	HaciendaNueva	L1	17	83	359818.46	2025874.67	357.8
7	16	HaciendaNueva	L1	18	88	359823.77	2025875.79	357.7
7	16	HaciendaNueva	L1	19	93	359829.09	2025876.91	357.5
7	16	HaciendaNueva	L1	20	98	359834.41	2025878.03	357.3
7	16	HaciendaNueva	L1	21	103	359839.73	2025879.15	357.2
7	16	HaciendaNueva	L1	22	108	359845.04	2025880.27	357.1
7	16	HaciendaNueva	L1	23	113	359850.36	2025881.39	357
7	16	HaciendaNueva	L1	24	118	359855.68	2025882.51	357
7	17	HaciendaNueva	L2	1	0	359789.06	2025863.32	358
7	17	HaciendaNueva	L2	2	3	359790.7	2025861.26	358
7	17	HaciendaNueva	L2	3	6	359792.34	2025859.21	357.9
7	17	HaciendaNueva	L2	4	9	359793.97	2025857.15	357.8
7	17	HaciendaNueva	L2	5	12	359795.61	2025855.1	357.6
7	17	HaciendaNueva	L2	6	15	359797.25	2025853.04	357.4
7	17	HaciendaNueva	L2	7	18	359798.89	2025850.98	357.1
7	17	HaciendaNueva	L2	8	21	359800.52	2025848.93	356.8
7	17	HaciendaNueva	L2	9	24	359802.16	2025846.87	356.5
7	17	HaciendaNueva	L2	10	27	359803.8	2025844.82	356.3
7	17	HaciendaNueva	L2	11	30	359805.43	2025842.76	356.1
7	17	HaciendaNueva	L2	12	33	359807.07	2025840.71	356
7	17	HaciendaNueva	L2	13	36	359808.71	2025838.65	356
7	17	HaciendaNueva	L2	14	39	359810.54	2025836.03	356
7	17	HaciendaNueva	L2	15	42	359812.38	2025833.4	356.2
7	17	HaciendaNueva	L2	16	45	359814.21	2025830.78	356.4
7	17	HaciendaNueva	L2	17	48	359816.04	2025828.15	356.8
7	17	HaciendaNueva	L2	18	51	359817.88	2025825.53	357.3
7	17	HaciendaNueva	L2	19	54	359819.71	2025822.9	357.8
7	17	HaciendaNueva	L2	20	57	359821.55	2025820.28	358.3
7	17	HaciendaNueva	L2	21	60	359823.38	2025817.65	358.6
7	17	HaciendaNueva	L2	22	63	359825.21	2025815.03	358.9
7	17	HaciendaNueva	L2	23	66	359827.05	2025812.4	359
7	17	HaciendaNueva	L2	24	69	359828.88	2025809.78	359
7	18	HaciendaNueva	L3	1	0	359806.02	2025866.56	358
7	18	HaciendaNueva	L3	2	3	359807.87	2025864.88	358
7	18	HaciendaNueva	L3	3	6	359809.71	2025863.21	358
7	18	HaciendaNueva	L3	4	9	359811.56	2025861.53	357.9
7	18	HaciendaNueva	L3	5	12	359813.41	2025859.85	357.8
7	18	HaciendaNueva	L3	6	15	359815.25	2025858.18	357.7
7	18	HaciendaNueva	L3	7	18	359817.1	2025856.5	357.5
7	18	HaciendaNueva	L3	8	21	359818.95	2025854.82	357.4
7	18	HaciendaNueva	L3	9	24	359820.79	2025853.15	357.2
7	18	HaciendaNueva	L3	10	27	359822.64	2025851.47	357.1
7	18	HaciendaNueva	L3	11	30	359824.49	2025849.79	357.1
7	18	HaciendaNueva	L3	12	33	359826.33	2025848.12	357
7	18	HaciendaNueva	L3	13	36	359828.18	2025846.44	357
7	18	HaciendaNueva	L3	14	39	359829.87	2025843.42	357
7	18	HaciendaNueva	L3	15	42	359831.55	2025840.4	357.1
7	18	HaciendaNueva	L3	16	45	359833.24	2025837.38	357.2
7	18	HaciendaNueva	L3	17	48	359834.93	2025834.36	357.3
7	18	HaciendaNueva	L3	18	51	359836.62	2025831.34	357.4
7	18	HaciendaNueva	L3	19	54	359838.3	2025828.32	357.6
7	18	HaciendaNueva	L3	20	57	359839.99	2025825.3	357.8
7	18	HaciendaNueva	L3	21	60	359841.68	2025822.28	357.9
7	18	HaciendaNueva	L3	22	63	359843.37	2025819.26	358
7	18	HaciendaNueva	L3	23	66	359845.05	2025816.24	358
7	18	HaciendaNueva	L3	24	69	359846.74	2025813.22	358